6       -1.388864000     -0.163465000     -0.000001000
6       -0.552799000     -1.284338000      0.000005000
6        0.835949000     -1.120888000      0.000005000
6        1.388864000      0.163465000      0.000001000
6        0.552799000      1.284338000     -0.000005000
6       -0.835948000      1.120889000     -0.000005000
1       -2.467818000     -0.290523000     -0.000001000
1       -0.982176000     -2.282324000      0.000008000
1        1.485368000     -1.991858000      0.000009000
1        2.467818000      0.290523000      0.000001000
1        0.982176000      2.282324000     -0.000008000
1       -1.485368000      1.991858000     -0.000009000