411.5003       	0.0004
411.679        	0
619.1943       	0
619.3491       	0
688.8682       	124.2069
712.3346       	0
862.527        	0
863.8282       	0
982.8833       	0
983.7717       	0.0016
1012.8222      	0
1013.5497      	0
1016.8554      	0
1060.6166      	6.0435
1061.0032      	6.046
1176.458       	0.0001
1198.2788      	0
1198.4555      	0
1353.1949      	0
1377.5388      	0
1514.5824      	5.9243
1515.004       	5.898
1641.4668      	0
1641.7199      	0
3173.1849      	0.0071
3182.4886      	0
3182.954       	0
3197.9176      	42.1232
3198.3303      	42.1149
3207.9902      	0