 1      2  D
 1      9
 1      70
 2      3
 2      69
 3      4  D
 3      11
 4      5
 4      68
 5      6  D
 5      13
 6      7
 6      60
 7      15  D
 7      61
 8      9  D
 8      18
 8      71
 9      10
 10     11  D
 10     20
 11     12
 12     13  D
 12     21
 13     14
 14     15
 14     23
 14     85
 15     16
 16     25  D
 16     63
 17     18  D
 17     27
 17     59
 18     19
 19     20
 19     29
 19     86
 20     62  D
 21     22
 21     62
 21     82
 22     23
 22     33
 22     81
 23     24
 23     84
 24     25
 24     35  D
 25     26
 26     37
 26     64  D
 27     28  D
 27     58
 28     29
 28     38
 29     30  D
 30     31
 30     40
 31     32  D
 31     62
 32     33
 32     42
 33     34
 33     83
 34     35
 34     44  D
 35     36
 36     37  D
 36     46
 37     65
 38     39  D
 38     57
 39     40
 39     47
 40     41  D
 41     42
 41     49
 42     43  D
 43     44
 43     51
 44     45
 45     46  D
 45     53
 46     54
 47     48
 47     76  D
 48     49  D
 48     77
 49     50
 50     51  D
 50     78
 51     52
 52     53  D
 52     56
 53     55
 63     67
 65     66
 68     72
 69     73
 70     74
 71     75
 77     80
 78     79
 81     88
 82     87
 83     89
 84     90
 85     92
 86     91
 93     94
 93     95
 64     67  H
 69     72  H
 70     75  H
 76     80  H
 77     79  H
 81     95  H
 82     90  H
 83     87  H
 84     89  H
 85     88  H
 91     93  H