6       -4.134793835      0.004296334     -6.628683739
6       -3.308966925      0.047408804     -7.736339016
6       -1.894387096     -0.004672519     -7.627652730
6       -1.003846024     -0.025228599     -8.741570290
6        0.388297216      0.017560403     -8.556070841
6        1.309888201     -0.008402894     -9.674956718
6        2.669556137     -0.066717179     -9.498356036
6       -4.468309258     -0.034495442     -4.111686043
6       -3.612499657     -0.003462627     -5.303940865
6       -2.212341432      0.004142925     -5.156589589
6       -1.354481784     -0.058539209     -6.297770445
6        0.054179790     -0.109159898     -6.123905438
6        0.900934710      0.001668403     -7.219563512
6        2.384101250      0.277766933     -7.027492405
6        3.271596010     -0.029979073     -8.202773000
6        4.636307527     -0.029312890     -7.966760226
6       -4.797656642      0.168469448     -1.682028949
6       -3.963119600      0.174304077     -2.852107397
6       -2.522226580      0.614433995     -2.704775845
6       -1.633267933      0.096785600     -3.814955276
6        0.576180717     -0.512908682     -4.759721714
6        2.013575636      0.021104785     -4.528409618
6        2.919837113     -0.357697626     -5.724297472
6        4.364306093      0.009613756     -5.494240534
6        5.182512110      0.094398694     -6.608246938
6        6.610533410      0.294900959     -6.427023386
6       -4.275543865      0.289334297     -0.429714155
6       -2.840198332      0.310430389     -0.217108529
6       -1.965455669      0.308515694     -1.324480678
6       -0.569508262      0.162565241     -1.137120204
6        0.302968947     -0.018868280     -2.269787101
6        1.676529591     -0.128957641     -2.060899683
6        2.602836093     -0.497487025     -3.201116205
6        4.036050042     -0.022619308     -3.031123171
6        4.868927547      0.109849103     -4.156106787
6        6.291317557      0.352066389     -3.957886403
6        7.114314233      0.436514207     -5.081529026
6       -2.291366962      0.265246951      1.083984840
6       -0.915888700      0.210913300      1.291677927
6       -0.022169461      0.139236569      0.178278877
6        1.394424674      0.092228410      0.361660272
6        2.242536254     -0.008248188     -0.756959310
6        3.682295453      0.070136126     -0.586258695
6        4.548253495      0.116259582     -1.714510111
6        5.973871662      0.333019302     -1.528669915
6        6.799766126      0.443135316     -2.633964753
6       -0.370204294      0.208027845      2.643506901
6        1.089516985      0.182574471      2.776422542
6        1.959603839      0.142608859      1.699017773
6        3.390321030      0.176419640      1.846123786
6        4.238873695      0.179795869      0.730115320
6        5.666899194      0.323829425      0.895576470
6        6.488986838      0.411871164     -0.183192543
1        7.865013816      0.597076212     -2.499451705
1        7.558737738      0.544059099     -0.052878769
1        6.059390040      0.384715387      1.902659319
1       -2.946017331      0.279609068      1.949946681
1       -4.921837531      0.299294688      0.442135359
1       -5.866352011      0.053547181     -1.823541124
1        0.888287604     -0.029723532    -10.671845110
1        3.324658069     -0.136621884    -10.360248990
6       -0.304847298     -0.104288068     -3.604236877
8        5.499025805     -0.108469768     -9.002292631
8        7.452551540      0.341682010     -7.390550287
8        8.453707062      0.633350574     -4.973344197
1        8.772383462      0.625621148     -5.901370557
1        6.417192290      0.023557868     -8.629973149
8       -1.463249459     -0.068571802    -10.033453758
8       -3.960187608      0.088626259     -9.000790268
8       -5.507678177      0.011757215     -6.823656084
8       -5.801545532     -0.310118393     -4.231158533
1       -2.426909655     -0.202791300    -10.007630125
1       -4.105230325      1.021701673     -9.230343729
1       -5.663940309     -0.187847714     -7.762245038
1       -6.046838835     -0.329604213     -5.172385465
8       -1.027980347      0.241258888      3.712265045
8        1.508107859      0.207140671      4.069929896
8        3.967835289      0.240008746      3.070550524
1        3.279585097      0.243406665      3.762250001
1        0.658959575      0.234478571      4.582289398
8        1.943282092      1.449388807     -4.350289635
8        0.546692160     -1.993320229     -4.826428209
8        2.642918740     -1.971746540     -3.168909206
8        2.946923341     -1.803556336     -5.888609752
8        2.497548738      1.765145038     -6.812801076
8       -2.577723685      2.077334840     -2.835549057
1        0.996483436     -2.298164439     -4.010044155
1        2.052646636      1.861439508     -5.240990521
1        3.133456566     -2.232156890     -3.976321129
1        2.012868572     -2.110738750     -5.849370964
1       -1.655422257      2.422158763     -2.886297107
1        2.126230381      2.188803999     -7.600331440
8        0.020979363      3.132298542     -3.065910309
1        0.419967218      3.364751839     -2.218560089
1        0.655278862      2.512599016     -3.477551450