17.8           	0.0034
18.63          	0.00767
26.29          	0.00108
35.29          	0.00502
41.25          	0.00476
46.07          	0.00084
50.72          	0.04867
52.3           	0.00347
63.05          	0.02011
64.36          	0.00065
72.46          	0.00349
79.36          	0.02524
86.14          	0.00625
88.35          	0.00461
89.79          	0.01008
91.62          	0.00335
98.41          	0.02622
100.18         	0.05041
102.86         	0.00626
105.18         	0.01283
114.28         	0.0008
119.79         	0.00335
123.16         	0.01737
128.32         	0.01589
131.56         	0.03737
135.03         	0.00436
139.09         	0.02223
140.3          	0.01494
143.66         	0.00953
144.64         	0.02818
150.12         	0.01712
155.85         	0.01601
156.06         	0.01874
161.14         	0.01297
177.58         	0.00716
181.4          	0.00457
182.92         	0.00149
189.8          	0.06419
194.08         	0.05487
200.1          	0.00994
205.47         	0.07115
208.37         	0.04215
213.05         	0.04229
214.71         	0.02584
217.74         	0.09438
230.35         	0.12858
231.57         	0.06729
240.05         	0.05111
244.91         	0.91442
250.72         	0.66772
253.87         	1.62775
264.42         	0.11095
270.21         	0.09953
277.99         	0.31752
282.05         	0.22229
290.81         	0.36513
293.77         	0.10319
300.32         	0.10941
307.58         	0.81776
307.93         	0.10727
311.65         	0.09556
315.72         	0.06629
319.24         	0.01561
325.09         	0.45135
331.7          	0.01909
344.68         	0.272
346.7          	0.09118
351.03         	0.16887
356.93         	0.04577
358.73         	0.14975
364.21         	0.29203
370.83         	0.39448
375.85         	0.15076
378.7          	0.07227
383.6          	0.74692
389.46         	0.17321
392.73         	0.62012
396.3          	0.53127
402.58         	0.02574
409.45         	0.05625
424.32         	0.00617
427.58         	0.07086
431.82         	0.40057
438.29         	0.13945
445.59         	0.59092
451.33         	0.05772
455.96         	0.07338
460.84         	0.21633
463.18         	0.05866
465.47         	0.25186
479.14         	0.06004
481.88         	0.31012
494.85         	0.31934
498.41         	0.24049
507.93         	0.44877
518.17         	0.07136
523.57         	0.36437
530.02         	0.70529
533.15         	0.32392
536.01         	0.22963
553.66         	3.86881
571.32         	0.38481
581.51         	0.21126
585.07         	0.14545
588.07         	0.19234
592.82         	1.40467
596.75         	2.74897
601.43         	0.69016
605.55         	0.34329
606.99         	0.20557
609.86         	0.43021
616.99         	0.04107
618.93         	0.12586
625.72         	0.02371
630.31         	0.07292
632.54         	0.36922
635.76         	0.27166
644.19         	0.45302
648            	1.13729
652.7          	0.40883
662.26         	0.6439
665.07         	0.8375
668.34         	0.9535
672.61         	0.21598
673.76         	0.11074
680.76         	0.06605
687.41         	0.05902
693.16         	0.16423
697.57         	0.03079
697.91         	0.3318
704.4          	0.01173
709.94         	0.48388
715.72         	0.39049
717.43         	0.5887
724.29         	0.10912
725.98         	0.33403
727.18         	0.34845
731.48         	0.01482
737.89         	0.12078
738.66         	0.43995
745.55         	0.51531
750.19         	0.72454
759            	0.04931
769.49         	0.00353
776.59         	0.03
781.64         	0.0223
782.88         	0.42064
786.81         	0.47175
799.39         	0.18668
804.34         	0.40916
807.79         	0.70101
813.13         	0.18089
815.26         	0.62104
826.08         	0.10131
829.05         	0.07741
835.28         	0.06976
839.45         	0.20068
856.12         	1.02482
856.92         	1.03725
875.64         	1.97262
880.31         	1.74259
893.51         	1.03454
903.03         	3.61032
922.09         	1.55357
925.68         	0.56646
930.05         	0.18638
935.83         	0.10852
948.43         	0.25782
964.67         	0.62222
968.59         	0.56035
983.51         	0.60253
994.32         	0.60696
1007.82        	0.54558
1016.53        	0.4446
1044.23        	1.86489
1048.42        	0.07169
1062.37        	0.13995
1067.48        	0.95531
1078.29        	0.33014
1085.25        	0.43589
1096.7         	1.47773
1122.5         	1.73141
1130.06        	2.14772
1144.06        	3.78113
1148.82        	0.12317
1155.45        	3.98515
1160.75        	3.0116
1171.16        	1.04047
1187.39        	2.25131
1197.88        	3.24852
1201.34        	0.5873
1204.61        	0.68786
1220.33        	1.71217
1233.07        	2.23194
1240.62        	0.66089
1244.17        	0.69709
1251.41        	2.44871
1273.39        	1.94377
1281.83        	5.91021
1288.47        	0.14426
1295.49        	0.57832
1297.09        	25.90926
1310.08        	0.26163
1320.91        	7.66014
1331.13        	8.11986
1337.22        	6.03867
1341.19        	6.96087
1350.11        	5.26241
1350.53        	1.52749
1361.86        	22.49106
1369.94        	8.6017
1373.86        	6.63735
1381.19        	11.0384
1384.71        	0.65568
1391.72        	5.39319
1394.42        	0.26531
1405.11        	4.07391
1409.86        	12.48831
1414.71        	2.36422
1423.37        	11.65279
1425.48        	0.68502
1430.81        	4.00481
1432.06        	12.11941
1434.27        	6.5221
1443.92        	7.40768
1448.1         	1.58675
1450.63        	6.35165
1452.73        	2.57103
1456.2         	10.36078
1468.29        	0.45154
1469.91        	5.31692
1475.17        	2.65085
1476.94        	15.85339
1486.21        	5.86301
1494.19        	5.66099
1495.42        	3.53477
1501.89        	1.17548
1508.6         	4.3214
1516.2         	1.2633
1517.28        	8.85649
1531.64        	5.34653
1537.32        	3.00008
1539.5         	0.42532
1554.19        	16.21623
1574.44        	0.43049
1580.81        	2.04999
1586.74        	3.8844
1592.34        	1.51228
1595.95        	3.42728
1605.03        	1.48945
1608.86        	1.83361
1628.28        	1.53784
1630.07        	0.47362
1640.26        	7.04483
1647.49        	7.03314
1651.15        	1.69064
1662.34        	1.9653
1673.11        	0.42535
1675.08        	1.12596
1681.52        	7.49752
1684.41        	2.99269
1695.57        	3.41493
1705.98        	0.4482
3154.19        	14.13732
3387.24        	2.44651
3399.12        	10.00603
3468.64        	2.7834
3482.2         	1.7136
3574.28        	1.98823
3586.68        	4.75018
3600.16        	0.72286
3627.38        	6.07551
3639.38        	3.0983
3674.82        	3.30646
3682.03        	14.87951
3736.62        	3.4908
3742.38        	1.17062
3807.21        	1.22891
3879.53        	0.80997