3878.97  3875.75  3875.20  3869.55  3869.14  3857.44  3846.46  3792.46
  3760.01  3739.13  3736.56  3711.15  3701.90  3699.07  3683.43  3674.51
  3666.22  3648.19  3639.70  3624.82  3620.90  3589.67  3585.38  3574.07
  3540.61  3530.49  3501.94  3488.68  3411.73  3384.66  3378.77  3246.38
  3245.68  3238.82  3229.84  3222.34  3220.83  3217.46  3213.30  3201.06
  3200.75  3200.27  3198.48  3178.38  3173.10  2244.12  1735.27  1733.70
  1718.80  1703.91  1698.84  1694.98  1692.74  1692.09  1680.73  1677.88
  1674.33  1674.05  1673.30  1669.11  1665.11  1659.41  1655.64  1651.88
  1649.44  1639.80  1632.01  1627.91  1618.98  1609.08  1600.24  1597.07
  1594.23  1585.22  1577.74  1568.93  1562.42  1548.95  1539.17  1531.99
  1527.37  1522.88  1516.60  1507.85  1502.18  1498.83  1495.02  1491.07
  1488.96  1481.65  1470.86  1465.69  1464.09  1459.08  1452.96  1452.74
  1443.83  1441.92  1437.94  1431.10  1425.63  1422.97  1418.97  1411.83
  1408.28  1403.06  1397.82  1392.03  1387.48  1383.23  1371.46  1367.26
  1360.03  1356.25  1352.36  1346.77  1341.05  1332.50  1329.27  1319.73
  1313.39  1305.67  1300.27  1292.76  1282.72  1273.27  1272.54  1258.58
  1254.06  1248.36  1231.66  1228.27  1225.82  1216.48  1206.28  1196.89
  1190.57  1177.43  1171.15  1167.26  1146.17  1134.28  1132.66  1120.11
  1116.48  1084.71  1073.65  1065.13  1057.08  1054.96  1052.69  1039.65
  1024.16  1020.80  1020.65  1013.16  1010.71  1003.31   995.59   983.92
   973.29   967.63   966.60   960.91   948.10   944.06   941.26   936.53
   919.02   916.30   911.88   905.31   901.17   892.25   890.41   863.43
   860.02   854.42   851.01   841.76   840.25   833.15   830.50   824.38
   818.67   816.62   811.80   802.98   798.21   793.56   790.28   783.44
   776.62   772.98   771.63   767.18   757.86   755.97   752.97   747.07
   743.42   740.88   736.96   735.52   730.46   724.69   722.76   718.82
   714.76   714.04   707.45   700.70   692.03   686.86   683.43   679.24
   678.12   674.36   669.25   667.98   665.68   656.11   649.68   648.53
   645.11   644.37   641.76   638.45   633.16   625.65   621.17   616.19
   613.39   607.43   606.45   600.81   598.93   597.51   595.57   587.00
   584.24   582.93   571.22   566.26   563.08   553.90   550.73   547.84
   537.70   533.33   527.61   521.66   517.50   515.35   513.12   504.50
   501.59   496.37   494.60   490.60   486.85   485.59   481.58   477.91
   473.38   469.50   465.05   463.72   463.00   449.24   446.89   433.33
   429.25   421.71   415.92   413.39   406.96   401.10   399.02   396.93
   395.53   393.18   391.77   386.92   383.42   378.30   377.30   370.63
   365.24   362.25   358.97   356.23   352.19   349.16   343.38   342.92
   335.15   330.37   328.90   321.75   319.81   311.81   307.84   306.30
   298.80   298.65   294.69   289.91   284.11   278.42   272.82   272.03
   266.79   263.02   260.33   257.98   254.21   253.77   250.62   248.30
   245.70   235.53   229.13   223.98   217.48   216.33   209.96   207.83
   205.33   198.04   195.82   191.29   189.43   186.51   183.44   181.03
   177.81   170.23   167.11   164.88   163.10   155.08   153.33   149.86
   146.62   142.94   142.48   135.42   129.46   127.76   125.59   118.01
   115.55   112.72   109.05   102.47   100.80    94.49    89.36    88.16
    84.41    81.05    75.23    70.56    66.82    64.65    59.00    55.90
    51.37    49.86    47.97    43.51    40.37    31.00    29.08    26.72
    22.71    13.11