0.83           	0.00198        
0.59           	0.00152        
0.49           	3E-5           
0.21           	0.0001         
0.09           	9E-5           
0.41           	0.00039        
11.97          	0.04814        
18.01          	0.00893        
18.81          	0.01128        
23.02          	0.01267        
25.6           	0.00072        
26.39          	0.02322        
34.55          	0.00173        
39.24          	0.04323        
41.36          	0.04237        
43.21          	0.02321        
46.37          	0.02441        
48.07          	0.49477        
52.61          	0.05844        
54.58          	0.00222        
55.56          	0.01681        
59.37          	0.0364         
63.01          	0.03126        
65.3           	0.01126        
67.04          	0.00379        
72.17          	0.02692        
76.09          	0.03045        
80.59          	0.04019        
85.16          	0.08123        
85.42          	0.08202        
88.45          	0.21244        
89.13          	0.08862        
89.95          	0.11363        
91.3           	0.02298        
94.37          	0.1056         
96.7           	0.18439        
100.96         	0.00913        
102.33         	0.13453        
102.93         	0.023          
108.48         	0.18578        
112.96         	0.05415        
115.13         	0.01869        
120.62         	0.06801        
121.1          	0.05112        
124.69         	0.12184        
126.9          	0.10316        
127.59         	0.05987        
129.68         	0.02596        
134.72         	0.04831        
136.54         	0.02029        
138.75         	0.07275        
140.15         	0.03187        
142.97         	0.14365        
145.17         	0.11032        
149.66         	0.04644        
152.78         	0.01931        
154.17         	0.06662        
155            	0.4294         
158.78         	0.02595        
161.36         	0.06238        
163.26         	0.06557        
167.76         	0.03987        
172.25         	0.04021        
176.28         	0.05473        
180.28         	0.01472        
184.06         	0.09058        
185.55         	0.06177        
186.45         	0.10318        
188.15         	0.03218        
195.62         	0.22505        
197.87         	0.179          
202.25         	0.82619        
205.54         	3.90814        
208.64         	0.23274        
210.5          	0.1747         
213.04         	0.13969        
214.3          	0.15035        
216.21         	0.09226        
219.63         	0.70257        
225            	0.0062         
231.87         	0.02626        
237.35         	0.23211        
245.58         	0.06785        
247.85         	1.30453        
251.08         	0.48824        
254.42         	0.82579        
257.77         	0.3514         
259.65         	0.20477        
265.06         	0.22891        
269.03         	0.28909        
273.05         	1.21992        
276.27         	0.09642        
284.01         	0.1732         
287.23         	0.51376        
293.19         	0.21491        
299.27         	0.54691        
301.63         	1.05399        
307.11         	0.06755        
309.02         	0.16474        
312.77         	0.54833        
314.78         	0.11729        
316.85         	0.03527        
322.96         	0.47932        
326.31         	0.17828        
330.22         	0.14612        
335.75         	0.35075        
342.09         	0.3579         
349.46         	1.23219        
351.23         	0.56572        
358.17         	1.55849        
359.92         	2.04788        
362.23         	2.59385        
366.57         	0.77739        
371.21         	0.67754        
374.34         	0.05836        
375.37         	0.41458        
378.26         	1.26273        
381.99         	3.22898        
386.73         	3.35891        
389.02         	3.79835        
391.52         	4.92538        
395.01         	1.18302        
398.1          	1.78588        
405.99         	0.25587        
408.94         	0.1581         
411.88         	1.58958        
419.91         	2.10299        
428.76         	0.36693        
433.18         	0.27609        
436.51         	0.46741        
443.1          	0.10927        
448.36         	0.38273        
454.36         	0.2206         
455.49         	0.45331        
461.37         	0.01034        
465.44         	0.17022        
467.23         	0.49255        
468.62         	0.26653        
475.07         	0.54083        
481.9          	0.16199        
486.2          	0.17908        
489.1          	0.18367        
491.02         	2.85596        
494.66         	5.23924        
499.65         	1.15386        
500.12         	0.99843        
506.51         	0.27883        
513.78         	0.56302        
514.7          	0.18959        
522.22         	1.20212        
523.42         	0.41903        
529.04         	0.28063        
537.3          	0.57931        
538.21         	0.10841        
552.39         	0.42917        
562.42         	0.96494        
573.94         	1.25736        
580.22         	0.35245        
583.23         	0.6798         
586.98         	0.39679        
590.37         	0.1255         
594.21         	0.39477        
597.87         	0.50468        
599.69         	4.31536        
605.1          	1.16223        
606.04         	0.36833        
608.22         	0.24479        
610.51         	0.07279        
620.71         	0.25959        
621.55         	0.12286        
623.68         	0.49915        
626.75         	0.49175        
630.99         	0.13481        
633.69         	0.87831        
637.91         	0.14172        
646.72         	1.52382        
648.87         	0.90251        
651.04         	2.97797        
654.08         	3.50728        
662.3          	0.06547        
666.17         	0.61414        
672.37         	2.12874        
675.94         	1.24339        
677.81         	0.04338        
678.17         	0.02296        
683.28         	0.0191         
690.65         	0.00487        
694.38         	0.77038        
699.13         	0.21382        
700.2          	0.13077        
705.85         	1.04286        
709.11         	0.77744        
714.34         	1.11909        
715.05         	0.28719        
716.73         	2.93793        
722.53         	2.36959        
723.23         	2.56486        
727.92         	3.11994        
729.65         	0.84333        
735.17         	0.47562        
737.93         	1.5405         
743.07         	0.1719         
746.77         	0.64221        
752.11         	0.18911        
761.04         	0.00102        
769.86         	0.49825        
772.35         	0.61557        
776.28         	1.23622        
776.91         	0.16152        
782.08         	1.90248        
785.24         	0.09569        
790.73         	0.23562        
796.08         	1.47267        
803.49         	0.75163        
806.48         	0.13721        
811.82         	0.66833        
815.3          	0.22048        
817.48         	1.13612        
821.87         	0.10244        
824.86         	0.79362        
830.77         	0.3044         
833.05         	0.3553         
834.9          	0.16789        
846.88         	0.23471        
880.41         	2.16128        
882.06         	2.19939        
892.22         	3.3104         
897.43         	1.02163        
904.05         	0.50182        
911.65         	3.79396        
915.69         	8.85212        
920.03         	0.79078        
926.51         	1.09385        
934.75         	0.22397        
937.59         	0.68888        
941.99         	0.35297        
958.13         	0.80129        
965.03         	1.88322        
973.53         	0.25539        
988.92         	1.43981        
992.38         	0.76712        
998.24         	5.82924        
1010.47        	0.34541        
1020.21        	0.69636        
1052.31        	0.39           
1053.81        	0.23455        
1060.19        	0.58171        
1064.88        	0.0848         
1073.3         	0.77837        
1076.53        	0.83839        
1091.68        	0.98023        
1098.18        	1.79754        
1117.25        	1.12697        
1134.91        	1.02789        
1145.3         	1.89755        
1147.4         	1.0284         
1156.66        	9.25561        
1160.58        	1.26467        
1169.93        	0.50912        
1189.8         	4.39739        
1197.84        	1.94857        
1209.59        	0.4526         
1219.95        	2.5765         
1233.21        	1.19545        
1238.96        	0.3221         
1251.33        	2.94529        
1257.48        	4.05037        
1271.46        	0.67981        
1281.24        	6.90323        
1288.85        	0.54754        
1297.22        	26.49426       
1300.43        	3.00303        
1304.55        	2.20016        
1322.25        	9.16072        
1330.97        	10.00739       
1339.41        	5.8466         
1341.75        	5.58306        
1345.39        	4.32847        
1356.07        	3.01621        
1361.62        	32.99095       
1364.72        	3.18537        
1372.87        	4.78045        
1382.25        	22.05962       
1384.67        	0.18435        
1387.31        	0.35813        
1393.39        	0.59033        
1401.04        	4.13235        
1402.97        	0.31426        
1408.61        	9.31916        
1420.77        	14.10904       
1423.82        	1.29203        
1425.62        	16.14647       
1430.03        	22.82985       
1434.09        	4.84236        
1435.83        	6.67892        
1443.47        	1.48622        
1445.21        	3.62313        
1449.69        	11.02411       
1455.31        	1.87838        
1459.69        	1.05387        
1464.25        	0.66873        
1466.44        	1.61039        
1472.88        	1.01958        
1477.51        	4.99311        
1491.77        	7.85151        
1494.75        	6.174          
1499.63        	0.68328        
1504.12        	1.96098        
1515.03        	2.83997        
1517.59        	5.43801        
1523.33        	2.76512        
1527.98        	1.77248        
1531.3         	1.52329        
1538.3         	5.75323        
1554.12        	15.27203       
1567.26        	1.30695        
1572.08        	0.57169        
1582.54        	6.92171        
1584.95        	3.76014        
1594.82        	2.31402        
1597.06        	4.42294        
1604.84        	1.26626        
1610.29        	2.86092        
1627.47        	0.73692        
1628.55        	0.3091         
1638.65        	9.15881        
1649.76        	4.00751        
1650.72        	11.46397       
1655.6         	2.12198        
1656.58        	0.44359        
1661.58        	1.00264        
1668.51        	4.49681        
1673.07        	2.52484        
1674.02        	0.36064        
1674.28        	0.73573        
1676.23        	1.17017        
1688.3         	4.49107        
1692.11        	2.56796        
1692.72        	1.62019        
1695.57        	2.22167        
1698.81        	3.33548        
1703.89        	1.55798        
1704.98        	0.36331        
1718.79        	1.45097        
1733.69        	0.7447         
1735.26        	1.39912        
2244.11        	87.14156       
3173.08        	4.20342        
3178.37        	19.80632       
3198.49        	15.97724       
3200.29        	5.68424        
3222.31        	18.88443       
3245.55        	9.71397        
3378.74        	3.23567        
3384.63        	5.54336        
3411.71        	9.54429        
3488.65        	13.42285       
3501.91        	5.84686        
3530.46        	2.55731        
3540.58        	2.21838        
3574.05        	6.4401         
3585.36        	5.07344        
3589.64        	7.75607        
3620.87        	5.57402        
3624.79        	4.01718        
3639.68        	3.08582        
3648.17        	7.55553        
3666.19        	14.09995       
3674.49        	3.17351        
3683.4         	4.26635        
3699.05        	5.73087        
3701.86        	8.97885        
3711.12        	0.32599        
3736.54        	10.27778       
3739.11        	2.03431        
3759.98        	10.7056        
3792.43        	2.66945        
3846.44        	0.99667        
3857.41        	5.16973        
3869.11        	0.51678        
3869.51        	3.79276        
3875.18        	3.82383        
3875.73        	2.96375        
3878.95        	0.7628