 1      2  D
 2      3
 3      4  D
 4      5
 5      6  D
 6      7
 1      9
 8      9  D
 9      10
 3      11
 10     11  D
 11     12
 5      13
 12     13  D
 13     14
 7      15  D
 14     15
 15     16
 8      18
 17     18  D
 18     19
 10     20
 19     20
 12     21
 21     22
 14     23
 22     23
 23     24
 16     25  D
 24     25
 25     26
 17     27
 27     28  D
 19     29
 28     29
 29     30  D
 30     31
 31     32  D
 22     33
 32     33
 33     34
 24     35  D
 34     35
 35     36
 26     37
 36     37  D
 28     38
 38     39  D
 30     40
 39     40
 40     41  D
 32     42
 41     42
 42     43  D
 34     44  D
 43     44
 44     45
 36     46
 45     46  D
 39     47
 47     48
 41     49
 48     49  D
 49     50
 43     51
 50     51  D
 51     52
 45     53
 52     53  D
 46     54
 53     55
 52     56
 38     57
 27     58
 17     59
 6      60
 7      61
 20     62  D
 21     62
 31     62
 16     63
 26     64  D
 37     65
 65     66
 63     67
 4      68
 2      69
 1      70
 8      71
 68     72
 69     73
 70     74
 71     75
 47     76  D
 48     77
 50     78
 78     79
 77     80
 22     81
 21     82
 33     83
 23     84
 14     85
 19     86
 82     87
 81     88
 83     89
 84     90
 86     91
 85     92
 93     94
 93     95
 96     97
 96     98
 99     100
 99     101
 102    103
 102    104
 105    106
 105    107
 108    109
 108    110
 111    112
 111    113
 114    115
 114    116
 117    118
 117    119
 120    121
 120    122
 123    124
 123    125
 126    127
 126    128
 64     67  H
 69     72  H
 70     75  H
 77     79  H
 76     80  H
 83     87  H
 85     88  H
 73     93  H
 90     96  H
 95     99  H
 70     101  H
 94     102  H
 97     105  H
 82     106  H
 89     108  H
 84     109  H
 63     112  H
 103    114  H
 92     114  H
 91     120  H
 81     122  H
 115    123  H
 99     124  H
 86     125  H
 107    126  H