6       -7.790240444     -0.031044319    -12.535636531
6       -6.264333256     -0.109694828    -14.656482964
6       -3.603577157     -0.363438681    -14.403933236
6       -1.927407245     -0.334819476    -16.509477835
6        0.694158007     -0.237196050    -16.162098860
6        2.431697301     -0.116328656    -18.273847321
6        4.998093066     -0.037680069    -17.951822941
6       -8.443520203      0.081561233     -7.799065325
6       -6.824922120     -0.086224365    -10.038233563
6       -4.184016851     -0.259045413     -9.742812872
6       -2.580666070     -0.504324669    -11.896632508
6        0.084502078     -0.602422125    -11.566616678
6        1.658764051     -0.300142072    -13.638965181
6        4.403154150      0.450528844    -13.258884407
6        6.129540003      0.051414022    -15.496757810
6        8.693783129      0.169493804    -15.040305561
6       -9.054033795      0.724611119     -3.233693340
6       -7.473814473      0.536560713     -5.436247913
6       -4.700119043      1.168127506     -5.187800607
6       -3.075083803     -0.000378117     -7.227023383
6        1.092419879     -1.289909822     -8.968744299
6        3.794863947     -0.243190864     -8.553506632
6        5.513377860     -0.807841675    -10.856411252
6        8.197050988      0.057729323    -10.380975851
6        9.725279475      0.401705033    -12.480884426
6       12.390521670      0.967414710    -12.125858266
6       -8.058883799      0.972186555     -0.874697379
6       -5.349966684      0.843548151     -0.466863746
6       -3.694857601      0.668760620     -2.549901080
6       -1.074552705      0.269772863     -2.176337926
6        0.570855689     -0.190198059     -4.299936408
6        3.159737512     -0.432545453     -3.891184868
6        4.932005857     -1.173934432     -6.025253224
6        7.606879622     -0.177810939     -5.719281394
6        9.149206030      0.211905852     -7.845546551
6       11.812426051      0.796866242     -7.457467274
6       13.341608655      1.155350838     -9.573019264
6       -4.329862541      0.762276809      2.000216413
6       -1.743870167      0.525013577      2.407188564
6       -0.055594634      0.254075553      0.315641986
6        2.615835760      0.082787836      0.679449081
6        4.221067053     -0.176873303     -1.424423239
6        6.940313492     -0.043268286     -1.095022404
6        8.574339129      0.075367522     -3.226166845
6       11.254267265      0.551921894     -2.869894419
6       12.789452263      0.894925816     -4.958859949
6       -0.723704066      0.536570460      4.970414605
6        2.023235741      0.376834024      5.237272071
6        3.674285616      0.197180226      3.210704194
6        6.376849472      0.193622972      3.499018711
6        7.987093388      0.163066074      1.395115886
6       10.685731731      0.430307093      1.711126437
6       12.233796591      0.649575146     -0.327205762
1       14.792319814      1.250662448     -4.708364675
1       14.252737686      0.917876316     -0.079899992
1       11.428750084      0.519090606      3.614948463
1       -5.569732553      0.904685563      3.628532983
1       -9.277046020      1.130196226      0.767467897
1      -11.082940150      0.628775796     -3.501255144
1        1.638010791     -0.160407464    -20.159919416
1        6.221402411      0.000365174    -19.595816829
6       -0.571444543     -0.411657531     -6.816201811
8       10.336807240      0.085632500    -17.026591060
8       13.963879769      1.273270757    -13.933967275
8       15.843055046      1.671920021     -9.356025468
1       16.441778413      1.773363734    -11.108127424
1       12.082223684      0.406511176    -16.400092815
8       -2.829461063     -0.210891022    -18.942396593
8       -7.455831507      0.100007571    -16.988973025
8      -10.386100464      0.354057776    -12.945143678
8      -10.998900591     -0.250999076     -8.026213585
1       -4.678195138     -0.367119558    -18.855030711
1       -7.668608010      2.043211363    -17.401648686
1      -10.636483370     -0.014607925    -14.741024240
1      -11.432256238     -0.476355030     -9.798029657
8       -1.980775627      0.707004957      6.976238785
8        2.810242190      0.449789195      7.685666946
8        7.464106739      0.306996768      5.816563788
1        6.158961005      0.373186434      7.117549945
1        1.209908758      0.601519628      8.647520400
8        3.633234239      2.458312550     -8.181648520
8        1.068628017     -4.060916756     -8.896700156
8        5.074111960     -3.953352253     -5.848344680
8        5.748504930     -3.486609287    -11.303440917
8        4.351236386      3.252103136    -12.835631143
8       -4.577709302      3.966238707     -5.601380972
1        2.504526744     -4.529158781     -7.823915254
1        3.922119334      3.239305133     -9.870220151
1        6.646279380     -4.594397076     -6.681170875
1        4.437971120     -4.230528139    -12.440992378
1       -2.805044560      4.516628889     -5.353866055
1        2.732940792      3.929759655    -13.460682485
8       -7.770644754      4.748459329    -17.822861419
1       -5.964744815      5.260564058    -18.048588298
1       -8.356578813      5.541257995    -16.263240369
8        2.878087963     -6.241647797    -14.308980620
1        2.013494580     -7.438807324    -13.158244004
1        3.983923732     -7.242533854    -15.357902577
8       -9.340341336      5.703889197    -12.838538217
1      -10.443681689      6.962081104    -12.110149616
1      -10.168103686      4.074366998    -12.603766336
8       -2.842205233      5.491155007    -18.401329555
1       -1.883049092      5.600388441    -16.812936328
1       -2.350042773      3.891555163    -19.148606464
8        0.466731967     -8.952084035    -10.674189883
1       -0.166703837     -7.322254352    -10.097275483
1        1.730405806     -9.358966711     -9.397238516
8        8.666195758     -6.501214442     -8.283796400
1        8.058417133     -5.680147145     -9.825385441
1        7.618878545     -8.002639692     -8.116458751
8       10.493890185      2.578725586    -21.802027734
1       10.167892528      1.778296158    -20.175501353
1       11.103067159      1.197263530    -22.830699516
8       -0.294363127      5.851696806    -13.756671226
1       -1.704882672      5.708718761    -12.502862932
1        0.232799514      7.596880268    -13.627777898
8       15.326516092      2.012603472    -19.372521270
1       13.965387208      2.865031657    -20.268501007
1       15.350002742      2.779734534    -17.716369313
8        0.298331051      5.736493414     -5.679383796
1        1.155624620      6.203199233     -4.139521891
1        1.418035778      4.508158749     -6.498308026
8       -4.257395177      6.025955224    -10.662786068
1       -5.930947843      5.855611098    -11.403140581
1       -4.389283596      5.307299970     -8.962715359
8        4.234243547     -9.264825334     -6.592469018
1        4.093339960     -7.730668660     -5.588785468
1        4.128026608    -10.648621665     -5.406300924