13.02          	0.05479
22.69          	0.00794
26.76          	0.03548
29.1           	0.02044
30.99          	0.00421
40.36          	0.02918
43.5           	0.01338
47.98          	0.55064
49.87          	0.02165
51.37          	0.04592
55.89          	0.02039
59.01          	0.01742
64.64          	0.06284
66.8           	0.03843
70.56          	0.03231
75.21          	0.01944
81.04          	0.10163
84.41          	0.1153
88.16          	0.05166
89.35          	0.35763
94.49          	0.15645
100.8          	0.05437
102.47         	0.32447
109.05         	0.1442
112.72         	0.03239
115.55         	0.05444
118.01         	0.01915
125.58         	0.13924
127.76         	0.11958
129.46         	0.02677
135.42         	0.01949
142.48         	0.09906
142.93         	0.26346
146.61         	0.07572
149.86         	0.11322
153.34         	0.06183
155.08         	0.34106
163.1          	0.12168
164.87         	0.04812
167.12         	0.03116
170.22         	0.07268
177.81         	0.01123
181.02         	0.09413
183.43         	0.00433
186.51         	0.49769
189.41         	0.7135
191.28         	0.02692
195.83         	0.29384
198.04         	0.11688
205.33         	0.40386
207.78         	4.16454
209.96         	0.11902
216.32         	0.02749
217.48         	0.26831
223.97         	0.21759
229.13         	0.11446
235.53         	0.09735
245.67         	0.70346
248.29         	0.23862
250.6          	0.17479
253.73         	0.93766
254.21         	0.29912
257.97         	0.48057
260.31         	0.62641
263.02         	0.23502
266.78         	0.25357
272.03         	0.0591
272.87         	1.31808
278.42         	0.15429
284.11         	0.09593
289.9          	0.5298
294.68         	0.1083
298.64         	0.65115
298.79         	1.3785
306.3          	0.03207
307.83         	0.45661
311.81         	0.08407
319.81         	0.05297
321.75         	0.18421
328.9          	0.16407
330.36         	0.33257
335.15         	0.29571
342.92         	0.86263
343.37         	0.14359
349.16         	0.93759
352.2          	0.54813
356.23         	1.60912
358.97         	0.65133
362.26         	1.75785
365.24         	0.28295
370.62         	0.98377
377.29         	0.16497
378.29         	1.93323
383.42         	9.1808
386.91         	6.10379
391.77         	1.61096
393.17         	0.77155
395.53         	0.52656
396.93         	0.75999
399.02         	0.39864
401.09         	1.19262
406.95         	0.67443
413.39         	0.69506
415.91         	1.59256
421.7          	0.90517
429.25         	0.28408
433.32         	0.06762
446.89         	0.32118
449.24         	0.04216
463            	0.25289
463.71         	0.46974
465.05         	0.61135
469.49         	0.21071
473.39         	1.28426
477.9          	0.67418
481.57         	0.05066
485.58         	1.88107
486.84         	1.20133
490.61         	1.90722
494.6          	0.7513
496.37         	2.97422
501.6          	1.38576
504.49         	0.79801
513.11         	0.08861
515.34         	0.17149
517.49         	0.59557
521.64         	1.07599
527.61         	0.31654
533.33         	0.2197
537.69         	0.07396
547.84         	0.30601
550.74         	0.47191
553.9          	0.11374
563.08         	0.38627
566.25         	1.26433
571.21         	0.53894
582.94         	0.60124
584.23         	1.05076
586.99         	0.09254
595.55         	1.63959
597.5          	0.25035
598.93         	3.12492
600.81         	0.92717
606.44         	0.89855
607.43         	0.43399
613.38         	0.01183
616.19         	0.10023
621.17         	1.03499
625.65         	0.57999
633.16         	0.07227
638.45         	0.15696
641.75         	0.17669
644.36         	0.47188
645.11         	0.06101
648.53         	2.75772
649.68         	0.22713
656.09         	4.80211
665.67         	1.7177
667.97         	0.15708
669.24         	0.29382
674.35         	1.08957
678.11         	0.01327
679.23         	0.22854
683.42         	1.19554
686.86         	0.29495
692.03         	0.01456
700.7          	0.47828
707.45         	1.26075
714.04         	2.02044
714.76         	1.29353
718.81         	0.38862
722.76         	1.19255
724.68         	7.19475
730.44         	0.55225
735.53         	1.56708
736.95         	1.20934
740.87         	0.01427
743.41         	0.4265
747.06         	0.34031
752.96         	0.74818
755.97         	0.60236
757.86         	0.31072
767.18         	0.84268
771.62         	0.37319
772.98         	0.57635
776.63         	2.06939
783.44         	0.95581
790.28         	0.21812
793.56         	1.29129
798.21         	0.12212
802.97         	0.798
811.8          	0.46741
816.61         	0.52123
818.67         	0.1583
824.39         	0.08841
830.49         	1.19552
833.14         	0.59828
840.24         	0.24606
841.76         	0.47228
851            	0.59095
854.41         	1.64047
860.03         	0.39339
863.42         	0.33819
890.4          	3.7772
892.25         	3.2302
901.16         	1.48923
905.31         	1.34316
911.87         	0.57476
916.29         	1.73842
919.01         	9.17438
936.52         	0.81933
941.25         	0.39095
944.05         	0.78722
948.09         	0.2181
960.9          	2.72527
966.6          	0.18775
967.63         	1.00134
973.28         	0.53293
983.92         	0.28667
995.58         	3.9341
1003.31        	3.04176
1010.71        	0.47582
1013.15        	0.13556
1020.64        	0.04163
1020.8         	0.01602
1024.15        	0.67516
1039.64        	0.08724
1052.68        	0.17524
1054.95        	0.88032
1057.08        	0.3699
1065.13        	1.02319
1073.65        	0.50563
1084.7         	0.22771
1116.47        	0.9247
1120.1         	0.44587
1132.65        	2.6284
1134.28        	1.70357
1146.16        	5.39096
1167.26        	0.19662
1171.14        	5.77928
1177.42        	3.13715
1190.56        	0.36696
1196.88        	0.52593
1206.27        	0.57033
1216.47        	0.36362
1225.81        	2.12684
1228.26        	4.38486
1231.66        	1.07818
1248.35        	1.33606
1254.05        	4.04978
1258.57        	0.69404
1272.53        	0.81976
1273.26        	6.97089
1282.71        	6.27512
1292.75        	1.06542
1300.26        	6.00777
1305.66        	3.01156
1313.38        	23.44507
1319.73        	16.11735
1329.26        	2.7649
1332.5         	8.31336
1341.04        	3.94726
1346.76        	5.07277
1352.35        	4.21305
1356.23        	7.94699
1360.03        	2.6858
1367.26        	12.19337
1371.45        	1.35896
1383.22        	22.19039
1387.48        	1.40963
1392.02        	0.03136
1397.82        	14.31505
1403.05        	1.35402
1408.28        	13.45357
1411.82        	0.24455
1418.96        	1.12235
1422.96        	4.24054
1425.62        	3.98973
1431.09        	39.25342
1437.92        	1.86922
1441.91        	2.73022
1443.82        	5.544
1452.73        	1.82243
1452.95        	6.93912
1459.07        	1.96495
1464.08        	1.70354
1465.67        	5.11345
1470.85        	1.88547
1481.64        	0.90429
1488.95        	3.07793
1491.06        	1.19052
1495.02        	5.03214
1498.81        	9.69673
1502.16        	0.56468
1507.83        	5.96906
1516.59        	5.60215
1522.86        	3.20065
1527.35        	2.32202
1531.98        	1.59866
1539.15        	1.51072
1548.94        	16.63081
1562.41        	1.58083
1568.92        	1.29862
1577.73        	6.84693
1585.21        	0.07269
1594.21        	4.9193
1597.06        	1.83378
1600.23        	1.74709
1609.07        	6.51343
1618.96        	3.69842
1627.9         	0.09966
1632           	1.30589
1639.79        	5.51004
1649.43        	2.21378
1651.87        	14.34765
1655.63        	2.00715
1659.4         	1.62235
1665.09        	0.68182
1669.09        	3.08022
1673.3         	2.68851
1674.04        	0.32358
1674.32        	0.79015
1677.87        	1.71535
1680.72        	1.30937
1692.08        	2.80751
1692.72        	1.61917
1694.97        	3.50135
1698.83        	3.40924
1703.89        	1.53978
1718.79        	1.44444
1733.69        	0.74254
1735.26        	1.40082
2244.12        	87.16337
3173.08        	4.2102
3178.36        	19.8022
3198.46        	15.98831
3200.25        	5.42011
3200.72        	0.66901
3201.04        	0.13281
3213.28        	0.05509
3217.44        	0.19702
3220.81        	0.14888
3222.32        	18.83338
3229.81        	0.5093
3238.79        	0.09504
3245.65        	9.96499
3246.36        	0.17278
3378.75        	3.23196
3384.64        	5.54772
3411.71        	9.54244
3488.65        	13.43057
3501.91        	5.84542
3530.46        	2.55733
3540.58        	2.21786
3574.05        	6.44081
3585.36        	5.07376
3589.64        	7.75715
3620.87        	5.57489
3624.79        	4.01721
3639.68        	3.08575
3648.17        	7.55623
3666.19        	14.09535
3674.49        	3.17384
3683.4         	4.26681
3699.05        	5.73222
3701.87        	8.97509
3711.12        	0.32602
3736.54        	10.27931
3739.11        	2.0342
3759.98        	10.70606
3792.44        	2.66842
3846.44        	0.99667
3857.41        	5.17157
3869.11        	0.51768
3869.51        	3.791
3875.18        	3.8241
3875.73        	2.96401
3878.95        	0.76295