40.9514        	0
135.6429       	0.1002
375.7107       	1.3089
485.5311       	0.341
530.5298       	14.8299
784.696        	0.9207
887.6196       	0
888.0351       	6.4045
1086.3533      	0.0178
1121.0808      	4.0668
1238.5368      	76.453
1395.1148      	14.8211
1399.004       	56.6229
1473.2615      	0.2157
1479.6746      	0
1482.0671      	21.5292
1501.7292      	18.3758
1821.9251      	152.7482
3040.714       	1.4212
3047.469       	6.8678
3101.0132      	0
3108.2043      	22.1277
3165.2092      	11.0612
3166.0534      	8.6061