 1      2  D
 1      9
 1      58
 2      3
 2      59
 3      4  D
 3      11
 4      5
 4      60
 5      6  D
 5      13
 6      7
 6      61
 7      15  D
 7      62
 8      9
 8      18  D
 8      57
 9      10  D
 10     11
 10     19
 11     12  D
 12     13
 12     20
 13     14  D
 14     15
 14     22
 15     16
 16     24  D
 16     63
 17     18
 17     26  D
 17     56
 18     67
 19     66
 20     21  D
 20     66
 21     22
 21     28
 22     23  D
 23     24
 23     30
 24     25
 25     32  D
 25     64
 26     27
 26     55
 27     33  D
 27     69
 28     29  D
 28     73
 29     30
 29     38
 30     31  D
 31     32
 31     40
 32     65
 33     34
 33     54
 34     35  D
 34     41
 35     36
 35     71
 36     43
 37     38  D
 37     45
 37     75
 38     39
 39     40  D
 39     47
 40     48
 41     42  D
 41     53
 42     43
 42     52
 43     44  D
 44     45
 44     51
 45     46  D
 46     47
 46     50
 47     49  D
 66     77  D
 67     68
 69     70
 71     72
 73     74
 75     76
 67     70  H
 69     72  H
 74     75  H