6       -7.525227443      1.166084057    -12.808596350
6       -6.003311553      0.979467107    -14.937364319
6       -3.329825950      0.816200506    -14.719722999
6       -1.662430439      0.503560687    -16.813928670
6        0.942350708      0.310908194    -16.495960348
6        2.665471876     -0.180887290    -18.565316245
6        5.194258046     -0.502987995    -18.181334016
6       -8.050404547      1.286692741     -8.002096198
6       -6.507761488      1.155818804    -10.325221109
6       -3.863835211      1.098731656    -10.127309977
6       -2.262836419      0.948764215    -12.242276316
6        0.413013862      0.936122923    -11.882160053
6        2.019127681      0.556614870    -14.000587985
6        4.655297313      0.277157961    -13.609638921
6        6.308131230     -0.326875969    -15.688695081
6        8.866982104     -0.720432369    -15.213132294
6       -8.674643031      0.125273495     -3.458915041
6       -7.765104247     -0.325579528     -6.031934119
8       -2.842938928      1.172497254     -7.720833853
6        1.444583108      1.277260205     -9.428389477
6        4.100080997      1.350745404     -9.107014485
6        5.685101532      0.587916608    -11.148321257
6        8.287088962      0.123077954    -10.679092155
6        9.902109185     -0.565886337    -12.737629226
6       12.485507692     -1.108510877    -12.211647789
6       -7.458606625     -0.280390512     -1.206598525
6       -4.960124781     -1.258376336     -0.595393590
6        5.278822777      2.123164547     -6.779967138
6        7.631537310      1.078486698     -6.089763536
6        9.223374443      0.222507312     -8.146395388
6       11.811302347     -0.349861925     -7.696942886
6       13.397444153     -1.001533679     -9.771535751
6       -3.778834862     -0.646081551      1.626218562
6       -1.163451244     -0.871324820      2.445861415
6        0.836348819     -1.988985023      1.137907884
8        3.262882600     -1.780330225      1.930066368
6        7.069577902      0.977543527     -1.346710673
6        8.586865794      0.900970420     -3.493162542
6       11.261898385      0.374106054     -3.145762232
6       12.771373562     -0.196085179     -5.175711560
6       -0.421862902      0.379887218      4.779892481
6        2.037751033      0.837128343      5.400097177
6        3.987510852      0.116974607      3.644389115
6        6.379054750      1.046362626      3.404662256
6        8.067100981      0.797383521      1.219602851
6       10.648074992      0.604918920      1.542209545
6       12.398521658      0.374997456     -0.553937208
1       14.755442929     -0.573029860     -4.808014279
8       14.720533286      0.109045871     -0.243305981
1       11.459369156      0.517294429      3.421970663
1        7.093916839      2.157413957      4.976672339
1        2.544800555      1.931172919      7.054639394
1       -1.921006782      1.066155792      6.002058628
1       -4.950918743      0.391406279      2.957075430
1       -8.426908756      0.474261975      0.442799854
1      -10.432582045      1.183941181     -3.354347534
1       -9.281499437      2.913028027     -7.747227123
1       -9.563492865      1.253897315    -13.024318281
1       -6.855095820      0.926491981    -16.802989868
1       -2.462946436      0.357824379    -18.699378288
1        1.882064124     -0.329911418    -20.456744167
1        6.434449150     -0.910764051    -19.765511437
1       10.116616463     -1.199174790    -16.771787372
1       13.728185775     -1.627439848    -13.759932555
1       15.370708630     -1.416889684     -9.391148814
6       -0.251743148      1.040098159     -7.252161313
8       -6.256110318     -2.488884698     -6.441554030
1       -7.083851976     -3.880199180     -5.580601794
8       -3.694931021     -2.797135376     -2.331078659
1       -4.070167461     -2.292141346     -4.080026483
8        0.798505840     -3.407016277     -0.917923803
1       -0.959205836     -3.356439975     -1.641053004
8        4.039747489      3.946056049     -5.499020818
1        4.182847470      3.633399581     -3.659018015
8        4.486365766      1.436354145     -1.538298378
1        3.636162962      0.198403679     -2.618849923
8        0.322306805      0.592454103     -5.056031336