24.72          	0.20524
33.76          	0.04789
41.58          	0.18648
54.67          	0.19621
58.07          	0.20408
69.91          	0.24363
75.96          	0.09015
81.47          	0.13214
99.62          	0.029
109.74         	0.0184
115.47         	0.02228
129.6          	0.03203
130.78         	0.02853
150.85         	0.65919
154.77         	0.08543
160.45         	0.02269
180.07         	0.78191
190.86         	1.55083
206.73         	0.27502
214.82         	2.13197
222.72         	0.31789
227.17         	0.05532
235.92         	0.10559
239.8          	0.05947
244.97         	0.05507
249.17         	0.07278
259.45         	0.23735
272.34         	0.02196
283.92         	0.01818
292.31         	0.08978
299.32         	0.00737
308.23         	0.03694
313.94         	0.14337
318.63         	0.06287
335.59         	0.16727
344.04         	0.04698
346.74         	0.08924
364.46         	0.04735
373.99         	0.24632
383.68         	0.19119
383.93         	0.02882
397.16         	0.31257
402.03         	0.06277
415.6          	0.18336
427.47         	0.35453
439.33         	0.13887
440.98         	0.34133
452.8          	0.0635
455.32         	0.10302
467.79         	0.74579
475.13         	0.00664
477.06         	0.44593
487.21         	0.23644
498.92         	0.17363
506.66         	0.15803
513.44         	0.04435
521.2          	0.25559
526.26         	0.13129
536.2          	0.12163
547.67         	0.02172
553.72         	0.08407
564.64         	0.02456
571.68         	0.43303
575.09         	0.03714
581.36         	0.0891
593.58         	0.12215
603.01         	0.01667
612.34         	0.02406
618.78         	0.11849
622.79         	0.03303
630.73         	0.05699
633.86         	0.05102
640.05         	0.1255
645.21         	0.04224
653.56         	0.33134
661.45         	0.07649
666.33         	0.32096
667.87         	0.15643
678.86         	0.06802
687.17         	0.42139
695.32         	0.14568
710.06         	0.03134
714.22         	0.16712
721.03         	0.20542
725.75         	0.089
732.41         	0.23502
747.87         	0.43792
761.1          	0.23765
764.43         	0.3965
769.73         	0.69379
772.65         	0.24548
776.97         	0.36331
780.31         	0.30552
784.83         	0.25949
786.61         	0.0488
794.82         	0.18655
800.68         	0.01273
807.24         	0.08115
817.56         	0.66794
829.87         	0.29602
835.9          	0.18784
842.66         	1.33919
846.43         	0.19919
848.02         	0.60386
851.41         	0.09354
863.05         	0.28274
870.53         	0.363
873.57         	0.83933
877.92         	0.37181
880.05         	0.25035
887.63         	0.03099
893.71         	1.18017
907.92         	0.2899
911.04         	2.05389
921.58         	0.11767
934.51         	2.18754
936.32         	2.22413
960.58         	0.66494
981.42         	1.14659
984.34         	0.35036
990.55         	0.10507
992.78         	0.15505
994.58         	0.03283
997.01         	0.17693
999.76         	0.33246
1010.34        	0.06427
1015.28        	0.00966
1025.62        	0.09912
1069.37        	0.11855
1088.68        	1.77651
1119.68        	1.76372
1130.9         	0.06935
1137.88        	0.14919
1154.94        	0.45405
1162.95        	0.56938
1170.3         	1.30541
1191.98        	1.15524
1195.98        	0.13797
1207.42        	0.81737
1215.89        	0.87444
1217.04        	0.73427
1226.17        	0.716
1230.99        	0.48078
1233.29        	0.03415
1238.1         	0.15099
1248.28        	0.74683
1257.76        	2.30688
1261.18        	0.71523
1268.8         	1.70303
1281.52        	1.6075
1289.12        	0.48177
1296.05        	1.21026
1300.81        	0.82695
1310.92        	0.3096
1323.26        	0.04047
1324.43        	1.4084
1335.44        	0.36099
1344.34        	1.12222
1355.03        	1.38348
1364.63        	0.55279
1370.85        	0.25604
1380.69        	1.65979
1389.37        	0.70248
1395.17        	1.34319
1408.64        	0.23864
1420.16        	0.99337
1421.04        	0.54502
1426.37        	2.5193
1431.7         	0.04471
1434.31        	1.24467
1444.64        	1.19607
1448.83        	0.69601
1456.29        	0.03174
1459.78        	0.41074
1463.6         	0.31897
1464.74        	0.23543
1478.29        	0.07417
1487.33        	0.52842
1496.45        	0.30466
1507.37        	1.07132
1516.16        	0.32887
1524.65        	0.17901
1534.7         	1.47294
1536.18        	2.56861
1537.52        	2.90565
1557.58        	1.45124
1573.75        	2.1823
1584.4         	2.08358
1594.72        	0.52543
1606.56        	3.92459
1612.36        	0.67298
1615.72        	0.54884
1622.03        	2.89256
1632.2         	8.41125
1638.98        	3.11909
1647.02        	0.45936
1655.1         	3.81274
1658.56        	2.87492
1673.51        	0.4815
1679.29        	6.89753
1695.56        	0.20553
1696.39        	4.05455
1734.41        	2.44405
3012.04        	6.76014
3163.99        	0.01643
3178.24        	0.4095
3179.98        	0.01877
3184.45        	0.10027
3186.64        	0.24763
3188.22        	0.96666
3189.81        	0.32676
3191.37        	0.10757
3191.72        	0.18501
3193.57        	0.26657
3197.87        	0.41203
3207.19        	1.35358
3207.89        	0.08794
3212.23        	1.17114
3212.96        	1.2277
3220.28        	0.38114
3237.29        	0.37844
3326.18        	1.51372
3471.87        	6.84673
3621.46        	0.61256
3766.42        	1.62065