 1      2  D
 1      9
 1      64
 2      3
 2      65
 3      4  D
 3      11
 4      5
 4      66
 5      6  D
 5      13
 6      7
 6      67
 7      15  D
 7      68
 8      9  D
 8      18
 8      63
 9      10
 10     11  D
 10     20
 11     12
 12     21  D
 12     73
 13     14  D
 13     73
 14     15
 14     23
 15     16
 16     25  D
 16     69
 17     18  D
 17     27
 17     62
 18     19
 19     20
 19     29  D
 20     75  D
 21     22
 21     75
 22     23  D
 22     33
 23     24
 24     25
 24     35  D
 25     26
 26     37  D
 26     70
 27     28  D
 27     61
 28     29
 28     38
 29     72
 30     31  D
 30     40
 30     72
 31     32
 31     75
 32     42  D
 32     74
 33     34  D
 33     74
 34     35
 34     44
 35     36
 36     37
 36     46  D
 37     71
 38     39  D
 38     60
 39     40
 39     47
 40     41  D
 41     42
 41     49
 42     43
 43     44  D
 43     51
 44     45
 45     46
 45     53  D
 46     54
 47     48  D
 47     59
 48     49
 48     58
 49     50  D
 50     51
 50     57
 51     52  D
 52     53
 52     56
 53     55