6       -3.954088728      0.400942499     -6.823436968
6       -3.114815553      0.269341842     -7.901204193
6       -1.729259844     -0.031886578     -7.724012418
6       -0.828747119      0.027966736     -8.850469316
6        0.531649512     -0.077748824     -8.731366482
6        1.457649883      0.196733464     -9.805648682
6        2.802000519      0.239346981     -9.595337163
6       -4.308350840      0.441725044     -4.371024551
6       -3.469401749      0.245939982     -5.489309123
6       -2.088930448     -0.096989114     -5.287197130
6       -1.243451293     -0.246366481     -6.417969675
6        0.160411452     -0.639418539     -6.221912771
6        1.107979716     -0.516880253     -7.438018919
6        2.530491487     -0.248489245     -7.175070505
6        3.381287420      0.071868064     -8.271391225
6        4.747663254      0.240296369     -8.036078548
6       -4.675576312      0.550036949     -1.916229869
6       -3.832868806      0.287620920     -3.073026509
6       -2.471361617     -0.110968605     -2.873740089
6       -1.590462513     -0.277643718     -3.949900292
6        0.752277231     -0.554147397     -4.869404696
6        2.126564839     -0.532774046     -4.736469064
6        3.028589647     -0.331939453     -5.864669291
6        4.424168516     -0.114852841     -5.632246642
6        5.287322487      0.147748187     -6.737919950
6        6.693386460      0.359246597     -6.498207083
6       -4.198598300      0.512099266     -0.641671215
6       -2.830340663      0.147353438     -0.358285850
6       -2.025038337     -0.366870632     -1.491578428
6       -0.522622086     -0.574355078     -1.263147973
6        0.355215345     -0.559948305     -2.441970119
6        1.792189985     -0.733218963     -2.191250866
6        2.731011137     -0.707793407     -3.399806770
6        4.129051312     -0.299702620     -3.176247453
6        4.965665118     -0.097715135     -4.294292366
6        6.359756332      0.162520703     -4.088669686
6        7.206476623      0.364032685     -5.234833510
6       -2.255389263      0.226480523      0.883945259
6       -0.837565640      0.063810992      1.115877168
6        0.034982783     -0.213191382      0.050681680
6        1.449166132     -0.143506906      0.220884974
6        2.336312610     -0.339052193     -0.872256357
6        3.721876697     -0.178143241     -0.714798195
6        4.618937895     -0.168753243     -1.861860785
6        6.015489620      0.093651013     -1.663425598
6        6.854964166      0.224044928     -2.776660576
6       -0.279927539      0.320040113      2.411324006
6        1.077550308      0.347645253      2.609291850
6        1.986860500      0.146220205      1.523228929
6        3.383230356      0.222322118      1.681276529
6        4.254649324      0.090383161      0.597406045
6        5.680574570      0.253439376      0.754583362
6        6.517626283      0.252576619     -0.318738250
1        7.914304916      0.411435456     -2.620494330
1        7.585238573      0.402520049     -0.186210177
1        6.069132543      0.405613608      1.757432554
1        3.792292862      0.421195826      2.668628969
1        1.484647809      0.545786751      3.596681143
1       -0.957451921      0.509469009      3.238879067
1       -2.868223601      0.525658082      1.731243699
1       -4.842253512      0.771302710      0.194382986
1       -5.708468968      0.828480268     -2.103831145
1       -5.344198570      0.727891558     -4.533467377
1       -5.003276730      0.641156819     -6.968963798
1       -3.490192482      0.414684556     -8.909903339
1       -1.257789625      0.274263008     -9.819118940
1        1.048799029      0.386769624    -10.794241340
1        3.478682619      0.450332884    -10.418145874
1        5.409625341      0.466876752     -8.867768911
1        7.337414014      0.532653102     -7.355484663
1        8.265996851      0.536304636     -5.068913046
8       -1.466087781     -1.697835680     -1.255845142
8        0.604587356     -1.808446994     -6.977103676
8        2.369229625     -1.965590685     -2.738633986
6       -0.151982925     -0.515552197     -3.721511935