11.38          	3E-5
12.27          	2E-5
20.48          	0
28.93          	0.00094
35.73          	0.01416
36.65          	0.00102
37.61          	0.00372
45.33          	8E-5
46.01          	0.00023
53.95          	0.00062
65.5           	3E-5
68.14          	2E-5
68.44          	1E-5
71.16          	0.00235
71.98          	3E-5
72.52          	0.00171
73.56          	0.0009
74.39          	0.0042
86.81          	0.00052
87.56          	0.00043
90.93          	0.00012
96.24          	0.00116
99.7           	0.00109
101.61         	0.00012
104.21         	0.00029
104.43         	2E-5
105.51         	1E-5
107.41         	0.00027
109.13         	0.0002
110.18         	1E-5
111.99         	0.00017
117.34         	0.00405
122.68         	2E-5
133.61         	0.01223
133.85         	0.01254
136.08         	0.00303
136.58         	0.00148
145.46         	0.00205
149.41         	0.00635
156.21         	0.00078
158.47         	0.00026
167.16         	0.01041
177.51         	0.03553
182.15         	0.00912
182.65         	0.00561
187.63         	0.00202
191.46         	0.00547
191.59         	0.01276
192.58         	0.02014
200.58         	0.00117
200.69         	0.00302
201.74         	0.00029
207.65         	0.00043
208.06         	0.00096
210.32         	0.00112
232.41         	0.00418
243.92         	0.00566
253.54         	0.00664
271.87         	0.00931
279.35         	0.01356
287.01         	0.13018
302.84         	0.01999
315.52         	0.02672
323.43         	0.00882
341.87         	0.0482
348.2          	0.04094
352.83         	0.00066
363.58         	0.13469
372.45         	0.01418
385.7          	0.07609
399.08         	0.08052
407.09         	0.04371
415.26         	0.03544
423.84         	0.22409
427.87         	0.01843
437.86         	0.04729
443.44         	0.05595
452.73         	0.02372
456.69         	0.10895
467.16         	0.01059
473.62         	0.02496
477.35         	0.04732
497.52         	0.03957
501.29         	0.06765
506.98         	0.06396
522.28         	0.0667
533.07         	0.02464
554.49         	0.02381
562.04         	0.05244
572.14         	0.02036
575.39         	0.05314
576.77         	0.02384
593.24         	0.04216
597.96         	0.03683
608.41         	0.0139
612.98         	0.0105
627.88         	0.05088
630.12         	0.00738
640.08         	0.08931
644.02         	0.03786
653.38         	0.00409
654.56         	0.14788
658.89         	0.09727
660.57         	0.08846
669.11         	0.07
679.58         	0.00785
685.25         	0.11313
689.91         	0.11169
696.78         	0.00736
702.8          	0.05859
707.06         	0.11326
707.75         	0.01786
716.36         	0.0314
717.15         	0.05263
726.05         	0.06939
726.8          	0.042
733.92         	0.03212
735.84         	0.23278
746.48         	0.23597
750.83         	0.20769
757.84         	0.04181
762.87         	0.04156
772.37         	0.0125
778.8          	0.11807
788.67         	0.14451
792.45         	0.13104
793.11         	0.01666
800.92         	0.06114
807.57         	0.05522
810.87         	0.14248
813.37         	0.00653
818.92         	0.05425
825.2          	0.17522
829.11         	0.03963
836.73         	0.03904
840.85         	0.40383
847.17         	0.04306
860.07         	0.06896
867.28         	0.00057
881.98         	0.55546
894.32         	0.16822
899.53         	0.0726
902.37         	0.15466
933.34         	0.06788
939.75         	0.02784
941.74         	0.03218
965.08         	0.00921
997.25         	0.11104
1061.53        	0.00948
1064.17        	0.03926
1075.92        	0.0208
1079.39        	0.03886
1088.5         	0.05256
1093.91        	0.01368
1103.28        	0.00686
1108.82        	0.02675
1152.62        	0.22336
1155.08        	0.07015
1179.84        	0.71956
1182.8         	0.98365
1196.84        	0.05825
1220.06        	0.06489
1224.53        	0.53994
1232.53        	0.15577
1249           	0.16249
1275.09        	0.08366
1282.57        	0.03609
1295.24        	0.23256
1302.44        	0.01118
1311.34        	0.02881
1323.88        	0.2055
1332.93        	0.23159
1340.52        	0.01067
1346.69        	0.01186
1357.95        	0.09472
1364.29        	0.28247
1373.86        	0.22763
1392.53        	0.31384
1394.32        	0.06122
1396.37        	0.03932
1402.56        	0.21358
1405.85        	0.01085
1414.71        	9E-5
1421.3         	0.11619
1421.61        	0.05511
1429.53        	0.04952
1434.21        	0.02435
1446.9         	0.15385
1457.78        	0.0716
1466.66        	0.00125
1467.96        	0.01519
1476.21        	0.04164
1483.72        	0.02715
1487.09        	0.05712
1493.28        	0.00389
1499.6         	0.00505
1511.29        	0.12391
1518.06        	0.04296
1526.75        	0.00755
1535.53        	0.01409
1543.46        	0.08604
1554.9         	0.07104
1559.76        	0.19972
1580.27        	0.05645
1594.53        	0.01118
1603.09        	0.06017
1617.3         	0.01096
1626.7         	0.04363
1633.98        	0.03741
1642.61        	0.2041
1646.83        	0.11614
1649.88        	0.02767
1664.28        	0.00777
1673           	0.00376
1679.6         	0.02679
1682.95        	0.06166
1694.01        	0.29636
1695.77        	0.38267
1704.88        	0.16146
