 1      2  D
 2      3
 3      4  D
 4      5
 5      6
 6      7  D
 1      9
 8      9  D
 9      10
 3      11
 10     11  D
 11     12
 5      13  D
 12     13
 13     14
 7      15
 14     15
 15     16  D
 8      18
 17     18  D
 18     19
 10     20
 19     20
 12     21
 21     22
 14     23
 22     23  D
 23     24
 16     25
 24     25  D
 25     26
 17     27
 27     28  D
 19     29
 28     29
 29     30
 30     31
 31     32
 22     33
 32     33
 33     34  D
 24     35
 34     35
 35     36
 26     37  D
 36     37
 28     38
 38     39  D
 30     40
 39     40
 40     41  D
 32     42
 41     42
 42     43
 34     44
 43     44
 44     45
 36     46  D
 45     46
 39     47
 47     48  D
 41     49
 48     49
 49     50  D
 43     51
 50     51
 51     52  D
 45     53  D
 52     53
 46     54
 53     55
 52     56
 50     57
 48     58
 47     59
 38     60
 27     61
 17     62
 8      63
 1      64
 2      65
 4      66
 6      67
 7      68
 16     69
 26     70
 37     71
 30     72
 29     72
 12     73
 32     74
 42     74
 20     75
 21     75
 31     75  D
 20     76
 19     77
 44     78
 43     79
 14     80
 21     81
 80     82
 81     83
 78     84
 79     85
 77     86
 76     87
 88     89
 88     90
 91     92
 91     93
 94     95
 94     96
 97     98
 97     99
 100    101
 100    102
 103    104
 103    105
 74     84  H
 91     95  H
 90     97  H
 87     97  H
 94     98  H
 93     100  H
 78     101  H
 82     103  H
 88     105  H
