6       -4.140409064      0.755552724     -6.735013038
6       -3.300254757      0.682567001     -7.842201225
6       -1.930052765      0.368227936     -7.694840542
6       -1.018565890      0.284552679     -8.814253694
6        0.308399963     -0.050375670     -8.701218831
6        1.239438716      0.123451738     -9.792071830
6        2.590034309      0.164273020     -9.604832539
6       -4.530452271      0.511106915     -4.266450420
6       -3.659521014      0.503588020     -5.428844127
6       -2.283315584      0.208111133     -5.276230595
6       -1.441294820      0.163944495     -6.379271800
6       -0.037635624     -0.267285008     -6.182884182
6        0.855836430     -0.476922220     -7.379138281
6        2.380637384     -0.650341276     -7.202529933
6        3.205301025     -0.003204093     -8.313149835
6        4.524668779      0.257044358     -8.078092612
6       -4.873002979      0.513374815     -1.807140583
6       -4.056403862      0.409989573     -2.990538651
6       -2.549389069      0.389192820     -2.786920016
6       -1.809399351     -0.338269257     -3.936267489
6        0.569771157      0.132918112     -4.854949021
6        2.034075078     -0.205171510     -4.704897216
6        2.871987538     -0.251471775     -5.811312927
6        4.274207444     -0.074755721     -5.629702366
6        5.123232993      0.161262105     -6.766627711
6        6.482324574      0.405559724     -6.541345513
6       -4.358026491      0.503761938     -0.538351625
6       -2.959809657      0.270233523     -0.263146494
6       -2.130674191     -0.151956524     -1.423753425
6       -0.669997757     -0.425670913     -1.233084300
6        0.206906341     -0.351050406     -2.445698937
6        1.667759717     -0.474110638     -2.237485120
6        2.582186771     -0.257089428     -3.395375728
6        3.961242993     -0.211629910     -3.201540576
6        4.819404035     -0.026224655     -4.315950149
6        6.221065186      0.227593353     -4.118063481
6        7.022125530      0.430467967     -5.244992091
6       -2.384179885      0.317723745      0.977194399
6       -0.961855122      0.153434520      1.191690423
6       -0.087790310     -0.119763704      0.100232222
6        1.294338755     -0.073491503      0.283197004
6        2.203486016     -0.342866507     -0.854833400
6        3.619502018      0.213085688     -0.744584242
6        4.551715875     -0.423692045     -1.815779347
6        5.968874878      0.104179505     -1.662769167
6        6.734600418      0.325334233     -2.770427547
6       -0.382799220      0.349921712      2.467456941
6        0.995021630      0.324929025      2.652420256
6        1.870377704      0.134079711      1.560739105
6        3.316508348      0.119954255      1.714983277
6        4.185362131      0.104821540      0.662003588
6        5.620003436      0.181818122      0.780754712
6        6.446975216      0.232516082     -0.306423795
1        7.776697713      0.612349604     -2.650053607
1        7.513103199      0.386742808     -0.161930986
1        6.040267427      0.254332704      1.780252457
1        3.708854180      0.147146506      2.729088359
1        1.410360495      0.472406907      3.644940589
1       -1.036256048      0.538380873      3.314412186
1       -2.996804542      0.554154383      1.843924908
1       -5.018188338      0.662264484      0.310074564
1       -5.942483481      0.648788585     -1.946234019
1       -5.597674995      0.634354018     -4.436159512
1       -5.192263444      0.988481229     -6.873212709
1       -3.701029139      0.852824901     -8.837160054
1       -1.402186931      0.561746517     -9.793628330
1        0.824070076      0.314340163    -10.777816643
1        3.241591747      0.385331270    -10.446065690
1        5.158255511      0.587537195     -8.898060524
1        7.130557128      0.600661081     -7.390700657
1        8.081622593      0.629100820     -5.112572565
8       -1.649089379     -1.530730754     -1.297033866
8        0.189304849     -1.595121119     -6.698663147
8        2.027205798     -1.687437560     -1.431353608
6       -0.308444347     -0.237103813     -3.686940936
8       -2.169372020     -1.740790655     -4.021343174
8       -2.173339318      1.795820446     -2.792847201
8        4.681675939     -1.867682312     -1.571569439
8        3.527074668      1.643481910     -0.978040619
8        2.712366595     -2.063649419     -7.352951111
8        0.481996507      1.613613040     -4.788155453
1        1.995158742     -2.671074033     -7.003369356
1        0.850842687      1.969858557     -5.612089709
1        3.771895650     -2.223618937     -1.649424524
1        3.284019196      1.772732425     -1.908682041
1       -1.253534815      1.865845966     -3.097979274
1       -1.610710291     -2.251747751     -3.397204533
8       -1.362220895     -4.156570698     -5.584412268
1       -1.688662608     -3.243284643     -5.552213496
1       -1.172829225     -4.332712836     -4.646673050
8        4.207168949     -3.563718587     -5.308159886
1        3.962461993     -2.975773894     -6.046031403
1        5.020118071     -3.229142458     -4.871324206
8        2.290262733     -4.089810175     -3.632674909
1        3.038476531     -3.784095722     -4.233259764
1        2.457099066     -5.031280895     -3.498112695
8       -0.355115627     -3.655565917     -2.968406315
1        0.602033107     -3.653343157     -3.192761203
1       -0.403905593     -3.632275230     -2.004709280
8        6.283279876     -3.007795223     -3.598282373
1        5.789455591     -2.645693940     -2.831541813
1        6.558801125     -3.892222547     -3.326399342
8        1.293424511     -4.183799555     -6.471150882
1        1.610799838     -4.289015925     -5.559770391
1        0.318447089     -4.129849515     -6.353182912