13.49          	0.0004
14.56          	0.00018
21.34          	0.00016
27.82          	0.00344
30.62          	0.00133
32.48          	0.02132
37.15          	0.00106
37.74          	0.00067
41.61          	0.00452
44.73          	0.00226
46.33          	0.00232
53.59          	1E-5
59.39          	0.00794
64.6           	0.0098
65.41          	0.00873
67.57          	0.00053
67.78          	0.00246
70.18          	0.03937
71.52          	0.00372
72.06          	0.00702
72.53          	0.01886
73.48          	0.04079
76.69          	0.01792
80.65          	0.01547
84.8           	0.03963
85.98          	0.03044
86.66          	0.00308
89.61          	0.00507
91.55          	0.04449
94.25          	0.04358
97.56          	0.03119
100.1          	0.02458
101.07         	0.00743
102.79         	0.00485
103.4          	0.0013
103.61         	0.00286
104.54         	0.01955
106.22         	0.0208
107.76         	0.01638
109.83         	0.02502
110.9          	0.00735
114.63         	0.06229
119.34         	0.03187
122.42         	0.00227
126.04         	0.03162
130.16         	0.0134
132.33         	0.02966
133.41         	0.02599
134.85         	0.00297
138.02         	0.06673
140.18         	0.0575
142.09         	0.04097
148.08         	0.04763
153.58         	0.00442
165.9          	0.02958
171.87         	0.3228
174.54         	0.18078
176.98         	0.00747
180.18         	0.08533
184.01         	0.01104
187.11         	0.06711
189.3          	0.01587
189.56         	0.00111
192.04         	0.05716
196.96         	0.16518
198.51         	0.01681
199.57         	0.00815
200.6          	0.0259
205.74         	0.03967
207.64         	0.02172
209.89         	0.07755
210.41         	0.03124
213.54         	0.18326
217.72         	0.11559
219.91         	0.09477
231.01         	0.12394
235.37         	0.00532
240.18         	0.08226
242.33         	0.7226
246.08         	0.27982
253.05         	0.74997
262.25         	0.27946
267.38         	0.13297
275.85         	0.73644
278.75         	1.35691
282.69         	1.6859
284.13         	0.93992
291.24         	0.19876
296.62         	0.33526
302.54         	0.27628
310.52         	1.1732
316.18         	0.1767
319.41         	0.28851
329.89         	0.10374
334.11         	0.2272
344.85         	0.10445
345.78         	0.52898
353.8          	0.18341
358.24         	0.37114
361.23         	0.23796
363.18         	0.67202
371.39         	0.18534
377.71         	0.02377
384.83         	0.11209
394.85         	0.07546
401.79         	0.14182
406.08         	0.21756
408.17         	0.30716
416.98         	0.03367
420.63         	0.5653
422.3          	0.18068
432.35         	0.15558
438.4          	0.00971
444.68         	0.05067
446.23         	0.16532
455.58         	0.24156
458.1          	0.1145
462.58         	0.17265
471.04         	1.445
474.65         	0.11523
484.21         	0.0837
485.18         	0.2966
489.12         	0.62183
495.72         	0.05297
501.95         	0.06868
517.29         	0.63503
519.08         	0.16456
536.15         	0.22974
543.05         	0.01883
553.92         	0.05213
563            	0.54971
569.97         	0.18245
571.22         	1.33077
585.14         	0.26412
586.81         	0.2743
590.48         	0.11802
595.38         	0.01205
598.59         	0.05301
605.02         	0.06409
608.95         	0.5639
615.22         	1.2946
616.09         	0.70774
621.41         	1.13181
626.14         	1.64177
631.09         	0.04555
639.79         	0.00795
653.77         	0.15476
654.75         	0.01425
661.03         	0.04556
670.12         	0.11738
670.76         	0.07513
680.9          	1.11053
684.22         	0.26046
689.75         	0.14078
695.15         	0.01677
699.71         	0.06163
703.48         	0.03526
707.35         	0.40854
711.6          	0.11196
716.33         	0.37953
720.4          	3.25072
725.33         	0.33463
726.22         	0.3984
731.41         	0.13877
734.87         	2.51565
742.18         	0.08881
749.75         	0.02203
756.17         	0.22252
758.56         	0.04337
763.54         	0.04505
767.91         	0.45836
778.81         	0.08856
783.4          	0.08299
791.89         	0.17557
794.11         	0.24935
796.38         	0.2221
801.41         	0.5587
804.81         	0.09895
805.25         	0.15417
807.33         	0.32246
813.99         	0.2197
818.32         	0.97129
824.48         	0.20515
834.69         	4.0286
848.19         	0.41588
850.95         	1.3142
854.22         	4.96013
865.23         	0.27982
871.51         	0.31101
878.02         	0.00888
887.17         	0.19269
893.13         	0.27948
894.63         	0.19085
901.1          	0.93829
909.58         	0.31434
910.65         	0.35499
921.88         	0.12915
927.44         	0.81599
935.68         	0.07893
957.61         	2.62672
967.7          	1.16664
970.33         	0.4806
989.12         	1.39865
989.48         	0.29382
1007.81        	0.55331
1024.3         	0.54889
1027.25        	1.97676
1038.12        	0.11799
1057.83        	0.24706
1060.29        	0.20013
1066.17        	0.10801
1069.54        	0.1787
1073.4         	0.32897
1088.93        	0.13504
1095.07        	0.02311
1102.42        	0.46379
1110.42        	0.53571
1117.15        	0.56511
1127.83        	0.25154
1135.21        	0.29175
1141.93        	0.96561
1165.55        	0.00573
1169.53        	0.27326
1189.88        	0.77213
1190.94        	0.42278
1209.45        	0.19833
1219.44        	0.02917
1233.12        	1.06739
1237.05        	0.34415
1254.57        	0.14222
1273.4         	0.05514
1292.58        	0.26235
1298.58        	0.21467
1307.03        	0.02222
1319.66        	0.21854
1329.77        	0.60468
1336.66        	0.21553
1341.49        	0.27017
1351.32        	0.63678
1359.52        	1.87358
1368.78        	0.77638
1371.45        	0.15579
1376.9         	1.78904
1378.35        	0.21205
1383.27        	0.44645
1387.69        	0.14358
1390.74        	3.42611
1392.86        	1.52139
1398.84        	0.60201
1400.58        	0.24181
1408.07        	0.4791
1414.14        	0.62782
1417.53        	0.03547
1426.52        	0.32779
1441.2         	0.03863
1449.12        	0.48496
1456.02        	1.52778
1464.42        	0.76912
1466.69        	0.31747
1472.07        	0.44459
1474.7         	0.11637
1480.35        	0.05042
1490.41        	0.00925
1496.91        	0.25878
1502.95        	0.08907
1506.37        	0.07249
1516.26        	0.30522
1519.52        	0.73808
1585.66        	0.11153
1590.86        	0.06183
1595.92        	0.00968
1613.01        	0.00019
1616.36        	0.03872
1619.07        	0.08866
1632.59        	0.43348
1640.1         	1.63295
1643.97        	0.06712
1652.22        	0.16476
1655.8         	0.17625
1657.11        	0.25841
1662.01        	0.67533
1666.41        	0.16291
1671.33        	0.20371
1675.97        	0.05724
1680.51        	0.20571
1687.25        	0.10039
1689.67        	1.21503
1703.45        	0.60162
1713.89        	3.54712
1717.38        	0.00781
1740.7         	1.30526
3054.78        	12.35514
3188.04        	20.78419
3505.97        	3.42172
3508.86        	7.1706
3546.24        	9.2244
3562.52        	6.87652
3579.96        	3.55777
3599.09        	1.11357
3696.85        	7.40925
3719.31        	1.69213
3732.23        	0.5916
3762.22        	3.31834
3766.2         	0.23634
3769.85        	0.21382
3798.33        	2.67833
3863.6         	0.74385
3871           	0.80304
3875.51        	1.74718
