6       -2.578495207      0.970245794     -0.000041574
6       -2.183859949     -1.668945522     -0.000054802
6       -0.394270541      2.769986810     -0.000086927
6       -5.022810419      1.954768467      0.000017008
6        0.394270541     -2.769986810     -0.000092597
6       -4.284071177     -3.283064424      0.000005669
6        2.578495207     -0.970247683     -0.000049133
8        0.738659874     -5.066608599     -0.000149288
6        2.183859949      1.668945522     -0.000051023
6        5.022810419     -1.954766578      0.000018897
6        4.284071177      3.283064424     -0.000011338
8       -0.738659874      5.066608599     -0.000120942
6       -6.723577037     -2.310197580      0.000066140
6       -7.094817487      0.317453179      0.000069920
8       -9.439878622      1.381724179      0.000126612
6        6.723575148      2.310197580      0.000045353
6        7.094817487     -0.317453179      0.000068030
8        9.439878622     -1.381724179      0.000141729
1       -5.303049225      3.984260480      0.000013228
1       -3.961037637     -5.307556221      0.000013228
1        5.303049225     -3.984260480      0.000043464
1        3.961037637      5.307556221     -0.000030236
1       -8.341399802     -3.578279307      0.000124722
1      -10.727653184      0.086039224      0.000136060
1        8.341399802      3.578279307      0.000075589
1       10.727649404     -0.086033555      0.000221098