34.5889        	5.5614         
91.1107        	5.5864         
104.972        	0              
138.1938       	0.0002         
169.895        	3.0751         
173.6425       	0              
244.7221       	0              
273.8027       	1.683          
302.649        	0              
314.8894       	0              
368.8355       	219.4885       
369.0634       	1.0839         
374.3232       	7.0966         
393.4857       	0              
411.3533       	43.3106        
421.281        	1.9284         
447.6602       	0              
457.3843       	0              
480.4692       	0              
519.8366       	0              
559.5552       	19.7929        
575.2418       	23.3713        
648.032        	0              
670.6647       	17.9366        
671.2725       	0.0001         
701.1795       	3.6734         
704.6819       	0              
729.6099       	39.6791        
755.6619       	40.8946        
771.233        	0              
818.3626       	0              
840.753        	45.921         
840.8523       	0.1656         
901.055        	115.2882       
922.7366       	0              
923.3497       	24.3606        
984.7242       	0              
987.1183       	4.388          
996.6514       	0              
1012.8653      	5.4962         
1099.7911      	72.3847        
1124.2515      	0              
1162.3673      	0              
1173.7351      	39.9488        
1190.3843      	0              
1191.8071      	340.0259       
1232.5429      	0              
1251.8683      	8.8831         
1287.6785      	0              
1303.5642      	11.2075        
1331.7994      	1273.0366      
1335.064       	0.0001         
1381.4299      	121.4154       
1395.761       	0              
1479.2327      	20.9743        
1489.2626      	0              
1519.8185      	20.9284        
1529.2571      	0              
1613.9823      	134.933        
1624.7142      	0              
1641.1092      	496.9275       
1649.0793      	0.0001         
1720.7363      	0              
1732.5382      	283.5511       
3173.4878      	33.7093        
3173.5747      	0.0005         
3219.1216      	5.2891         
3219.1896      	0.0002         
3229.0272      	9.667          
3229.1479      	0.0001         
3822.0953      	203.3248       
3822.2966      	0.45