6        0.005605000      0.000000000      0.011669000
6        1.491606000     -0.000049000     -0.354456000
1        1.983738000      0.886267000      0.057511000
1        1.983679000     -0.886402000      0.057502000
1        1.623608000     -0.000047000     -1.441164000
6       -0.689970000      1.265350000     -0.512538000
1       -0.649337000      1.315819000     -1.606310000
1       -1.747020000      1.280393000     -0.218496000
1       -0.208759000      2.159589000     -0.104705000
6       -0.690056000     -1.265302000     -0.512543000
1       -0.208907000     -2.159575000     -0.104711000
1       -1.747107000     -1.280272000     -0.218503000
1       -0.649423000     -1.315771000     -1.606315000
8       -0.018066000     -0.000003000      1.455292000
1       -0.939051000      0.000026000      1.750063000