199.1581       	3.899
251.1895       	19.2968
269.2464       	0.0626
287.6668       	91.0395
338.6412       	1.1204
339.9057       	9.2906
417.5596       	0.3149
459.8702       	9.9919
464.7259       	9.5756
747.0686       	2.9309
910.5216       	0.0141
920.3179       	21.2233
927.8495       	26.1501
959.8983       	0.0001
1027.849       	12.4927
1045.2868      	1.6487
1152.8956      	52.3012
1233.4528      	53.8591
1258.997       	22.3752
1355.1824      	30.3548
1402.5835      	16.0413
1408.6498      	23.2265
1431.3969      	3.8402
1477.731       	0.0487
1486.6793      	0.0671
1490.1935      	0.1052
1501.8562      	4.5446
1509.5344      	5.5375
1520.3316      	10.3896
3026.209       	21.9285
3032.0522      	40.1024
3048.5133      	10.0086
3091.4009      	3.3627
3099.0087      	62.698
3117.2148      	6.1309
3117.4867      	4.0578
3125.3844      	54.1487
3125.5573      	38.0675
3809.8904      	12.1365