 1      2
 1      9
 2      3  D
 2      58
 3      4
 3      11
 4      5  D
 4      59
 5      6
 5      13
 6      7
 7      15
 7      60  D
 8      9  D
 8      18
 8      57
 9      10
 10     11  D
 10     20
 11     12
 12     13  D
 12     21
 13     14
 14     15  D
 14     23
 15     16
 16     25  D
 16     61
 17     18
 17     27
 18     19  D
 19     20
 19     29
 20     62  D
 21     22  D
 21     62
 22     23
 22     33
 23     24  D
 24     25
 24     35
 25     26
 26     37
 27     28
 27     56  D
 28     29  D
 28     38
 29     30
 30     31  D
 30     40
 31     32
 31     62
 32     33  D
 32     42
 33     34
 34     35  D
 34     44
 35     36
 36     37
 36     46  D
 37     65  D
 38     39  D
 38     55
 39     40
 39     47
 40     41  D
 41     42
 41     49
 42     43  D
 43     44
 43     51
 44     45
 45     46
 45     53  D
 46     54
 47     48
 48     49
 48     74  D
 49     50  D
 50     51
 50     75
 51     52
 52     53
 53     69
 58     63
 61     64
 66     67
 66     68
 69     73
 70     71
 71     72
 75     76
 77     78
 77     79
 60     64  H
 71     73  H
 76     77  H