8       -3.462105738     -3.727987700     -5.012827543
6       -2.622286014     -3.962206113     -6.093150418
6       -1.258025480     -3.708102124     -6.073343181
6       -0.363215147     -3.943590461     -7.181677136
6        0.976180149     -3.648737399     -7.036597241
8        1.843435208     -3.878474476     -8.109959384
6        3.247708345     -3.596217447     -8.055650716
6       -3.850540529     -2.985815675     -2.744420251
6       -2.971964216     -3.207818976     -3.807919921
6       -1.592319313     -2.930633568     -3.734061719
6       -0.730401126     -3.172022050     -4.844384741
6        0.645599901     -2.881416555     -4.733785857
6        1.519398799     -3.115720846     -5.831063766
6        2.900926918     -2.823105039     -5.730153288
6        3.773401408     -3.056469028     -6.832392114
6        5.170279251     -2.754489867     -6.721510412
8       -4.156868252     -2.229978519     -0.479929822
6       -3.312162760     -2.462304892     -1.557187124
6       -1.946805193     -2.166380010     -1.424419354
6       -1.080546475     -2.402896569     -2.522259153
6        1.166293176     -2.348860071     -3.516512724
6        2.549543597     -2.055018603     -3.408711109
6        3.416654775     -2.292173794     -4.518264110
6        4.807152300     -1.996572604     -4.415975992
6        5.655979170     -2.230869698     -5.513585305
8        7.025915612     -1.934167960     -5.401000361
6       -3.717176361     -1.704924533      0.785223284
6       -2.291410278     -1.395109137      0.905625782
6       -1.437055095     -1.634111660     -0.199112140
6       -0.050575382     -1.343800313     -0.095584105
6        0.816947235     -1.583391608     -1.205469966
6        2.196210493     -1.292573508     -1.097410026
6        3.066417717     -1.525667816     -2.196088328
6        4.459860561     -1.231110890     -2.092040759
6        5.330503025     -1.466026010     -3.202638340
6        6.716416631     -1.163019378     -3.072258832
6        7.617712352     -1.408888584     -4.233691289
6       -1.766687625     -0.868226431      2.109913276
6       -0.408280726     -0.590745263      2.189825222
6        0.472880866     -0.815392772      1.112514276
6        1.866462563     -0.518519204      1.233270414
6        2.708973846     -0.764235629      0.118814285
6        4.092993161     -0.477836222      0.215315702
6        4.978752079     -0.708538511     -0.891391412
6        6.380423460     -0.408427202     -0.771474088
6        7.241451114     -0.647724399     -1.894840020
8        0.115207626     -0.068444839      3.381278105
6        1.477788113      0.243532604      3.568645831
6        2.395531834      0.011353105      2.447411276
6        3.785678688      0.298341377      2.549670017
6        4.585838490      0.037131122      1.412001735
8        5.943802555      0.319286363      1.509268976
6        6.820734518      0.106193350      0.455696210
1        8.298497044     -0.431222687     -1.831541678
1       -2.415627073     -0.684208443      2.954926370
8       -4.577028266     -1.569754299      1.633724303
1       -4.905058695     -3.206720535     -2.821283934
8       -3.280373102     -4.460546246     -7.152079138
1       -0.731742286     -4.344876660     -8.114016507
8        3.884801289     -3.846628719     -9.078638985
8        6.015495707     -2.962551116     -7.746000755
6        0.303144810     -2.111431667     -2.414953661
1       -4.218075840     -4.553986045     -6.917472932
1        5.476824240     -3.332161165     -8.488639933
8        8.808866990     -1.190612797     -4.244346737
8       -7.220754364     -2.901415736      0.884517711
1       -6.392387547     -2.402876588      0.962690065
1       -7.414888188     -3.145786316      1.797735288
8        8.059608469      0.438223201      0.751051348
1        8.025689646      2.159874266      3.456978625
8        7.880723076      1.225317066      3.258092489
1        6.924052362      1.079227001      3.363136914
1        8.100889732      0.769868342      1.707742842
8        1.784901917      0.684366754      4.664669864
8        4.461428475      0.793786180      3.608928058
1        3.926821174      1.028026686      4.409399087
8        3.859239817      1.746330937      6.072733585
1        4.112070299      1.075591568      6.721423588
1        2.890875013      1.708484354      6.056115618