12.95          	0.05012
13.6           	0.07507
18.29          	0.02291
28.93          	0.00972
35.28          	0.02707
36.71          	0.00102
46.43          	0.02588
59.22          	0.02029
63.08          	2.10946
83.4           	0.00914
86.68          	0.04958
88.48          	0.01461
91.67          	0.04067
92.4           	0.21274
101.79         	0.04591
112.54         	0.0442
121.74         	1.25431
126.98         	0.04027
141.85         	0.01703
144.82         	0.02029
149.7          	0.0187
160.45         	0.00325
171.02         	0.02871
173.93         	0.17028
181.14         	0.01643
190.97         	0.73933
201.58         	0.01478
207.31         	0.13669
213.21         	1.8047
215.37         	2.24717
220.2          	1.22584
223.6          	1.33305
229.29         	0.44439
236.54         	0.11247
246.27         	5.44371
250.18         	0.59886
255.82         	0.10588
263.76         	0.07226
271.59         	0.16871
280.85         	0.23209
282.47         	0.06977
291.69         	0.20355
297.95         	2.04529
300.97         	0.9123
315.45         	0.70288
323.47         	0.37485
325.08         	1.53559
329.2          	2.1625
335.65         	1.67832
346.97         	1.20852
360.87         	0.05863
365.94         	0.30603
374.15         	0.04431
384.2          	1.01734
385.61         	0.028
387.25         	0.44212
401.93         	1.40383
406.95         	1.01837
413.87         	0.12015
416.83         	0.09307
431.01         	1.10611
432.2          	1.13357
440.76         	0.44732
444.85         	0.25203
448.55         	1.47005
457.83         	2.89385
472.16         	3.56622
486.08         	1.27228
488.96         	1.88349
499.96         	0.05503
503.06         	5.22818
510.73         	2.95842
520.9          	0.07456
530.96         	0.11101
533.24         	5.10224
534.64         	4.55395
549.09         	0.63024
564.93         	0.08438
570.2          	0.18071
573.7          	1.94133
580.51         	0.574
585.04         	0.06835
587.14         	1.92129
592.44         	0.00257
594.51         	0.0222
596.38         	0.90272
608.31         	2.7444
611.64         	0.06243
615.25         	0.07058
621.05         	0.30408
622.92         	0.15312
630.13         	6.7015
631.67         	0.26449
640.45         	0.55827
642.91         	0.00401
648.63         	0.00209
653.58         	0.11218
668.16         	0.00075
669.31         	0.08163
673            	0.09899
677.56         	0.01928
679.22         	0.53739
679.45         	0.13013
683.33         	0.03137
684.99         	0.26818
686.63         	0.01052
698.56         	0.26772
699.52         	0.02256
702.43         	0.28164
707.82         	0.32443
711.98         	0.04143
714.74         	0.17623
717.09         	0.21891
720.17         	1.98028
730.45         	0.25832
731.98         	0.17526
744.81         	0.2536
746.33         	1.65245
760.34         	4.56141
783.34         	0.2116
792.36         	1.30492
792.73         	2.51491
813.68         	2.47446
825.83         	0.8128
831.72         	0.19878
844.67         	0.83717
847.23         	3.04653
865.39         	0.90796
869.94         	4.5227
887.43         	0.73238
896.75         	0.10885
902.52         	0.22747
919.94         	5.70689
925.16         	0.41823
937.61         	22.63668
941.42         	1.93489
951.81         	3.5838
956.97         	12.84921
980.5          	12.63497
1000.92        	5.09886
1010.04        	1.3464
1030.92        	37.42449
1042.99        	14.33231
1073.76        	11.19211
1087.7         	11.62444
1088.78        	7.86931
1103.99        	0.35821
1113.47        	40.63796
1123.19        	28.11176
1134.3         	10.25451
1148.08        	19.07496
1162.6         	2.4355
1186.61        	3.65425
1195.82        	4.17104
1214.56        	4.63183
1220.05        	3.49882
1229.31        	5.45045
1235.48        	1.81828
1249.65        	5.65601
1267.22        	16.4313
1282.39        	7.26278
1285.68        	7.40278
1295.97        	0.56282
1308.66        	11.7363
1328.78        	7.29215
1337.07        	6.42573
1343.3         	1.46909
1366.09        	1.31453
1368.35        	4.24657
1384.69        	2.91939
1386.02        	15.46174
1390.25        	4.50737
1400.41        	2.26682
1410.08        	3.55782
1417.95        	1.08265
1425.86        	1.62547
1432.03        	1.06441
1439.35        	6.09892
1447.24        	4.93662
1452.89        	5.00618
1457.15        	3.49334
1458.93        	2.23428
1465.33        	4.20126
1468.29        	2.29304
1472.64        	0.55669
1476.9         	4.61431
1483.45        	11.27735
1491.21        	17.29975
1501.95        	6.90592
1508.63        	21.41533
1517.64        	26.77765
1533.84        	5.47388
1541.7         	3.01682
1549.18        	14.40466
1550.55        	6.61855
1562.4         	2.55101
1564.68        	5.01526
1566.49        	7.18645
1578.84        	1.33824
1605.82        	1.75096
1610.26        	0.1009
1619.66        	17.41019
1622.42        	8.31395
1630.53        	18.73285
1646.94        	10.55574
1648.75        	3.68612
1655.24        	2.55939
1660.31        	7.4405
1664.91        	4.37532
1671.3         	16.61346
1671.88        	1.61866
1682.08        	3.70165
1684.12        	1.53356
1731.43        	33.09153
1766.27        	17.33459
1781.05        	42.2297
1799.03        	15.03743
2966.45        	155.83812
3262.72        	0.19117
3262.94        	0.35238
3272.57        	0.37513
3273.24        	0.08423
3391.36        	4.04593
3397.85        	49.51155
3726.74        	5.40737
3760.03        	10.52143
3782.27        	1.1635
3782.92        	17.20534
3875.33        	5.73727
3880.36        	5.26043
3885.23        	3.15709