 1      2  D
 1      9
 1      64
 2      3
 2      65
 3      4  D
 3      11
 4      5
 4      66
 5      6
 5      13  D
 6      7  D
 6      67
 7      15
 7      68
 8      9  D
 8      18
 8      63
 9      10
 10     11  D
 10     20
 11     12
 12     13
 12     21
 12     73
 13     14
 14     15
 14     23
 14     80
 15     16  D
 16     25
 16     69
 17     18  D
 17     27
 17     62
 18     19
 19     20
 19     29
 19     77
 20     75
 20     76
 21     22
 21     75
 21     81
 22     23  D
 22     33
 23     24
 24     25  D
 24     35
 25     26
 26     37  D
 26     70
 27     28  D
 27     61
 28     29
 28     38
 29     30
 29     72
 30     31
 30     40  D
 31     32
 31     75  D
 32     33
 32     42
 32     74
 33     34  D
 34     35
 34     44
 35     36
 36     37
 36     46  D
 37     71
 38     39  D
 38     60
 39     40
 39     47
 40     41
 41     42  D
 41     49
 42     43
 43     44
 43     51
 43     79
 44     45
 44     78
 45     46
 45     53  D
 46     54
 47     48  D
 47     59
 48     49
 48     58
 49     50  D
 50     51
 50     57
 51     52  D
 52     53
 52     56
 53     55
 76     87
 77     86
 78     84
 79     85
 80     82
 81     83
 72     87  H
 74     84  H