6       -4.035402595      0.403754819     -6.793635901
6       -3.182158959      0.346324778     -7.890233006
6       -1.804120060      0.087848224     -7.723110991
6       -0.877056252      0.126935871     -8.831349079
6        0.473364425     -0.078163017     -8.705131408
6        1.406137984      0.262764397     -9.755253128
6        2.746342859      0.405538142     -9.539009368
6       -4.432596923      0.275933720     -4.327453240
6       -3.555450374      0.196599051     -5.481430689
6       -2.175550106     -0.083259962     -5.308558773
6       -1.321757349     -0.124755052     -6.402817567
6        0.103984893     -0.478124867     -6.202060089
6        1.024604157     -0.528654348     -7.396516684
6        2.555110793     -0.592554379     -7.214249890
6        3.357409978      0.168854301     -8.257708971
6        4.664370513      0.443741243     -7.974699571
6       -4.782277016      0.466335474     -1.877567636
6       -3.961208681      0.278020170     -3.047998482
6       -2.453688937      0.274564331     -2.840670991
6       -1.712098483     -0.541289444     -3.933383556
6        0.685795100     -0.089295118     -4.854854015
6        2.155375272     -0.402295400     -4.716176999
6        3.008210569     -0.312177135     -5.782506051
6        4.422709001     -0.100467907     -5.578273955
6        5.242480429      0.248708609     -6.661282849
6        6.633259992      0.505192417     -6.424975086
6       -4.275218389      0.522097000     -0.606512179
6       -2.884373800      0.270791759     -0.313088017
6       -2.057150580     -0.202301860     -1.448863332
6       -0.600377833     -0.489713814     -1.232460776
6        0.293702289     -0.483136022     -2.427255964
6        1.755358834     -0.612272677     -2.165708219
6        2.705887095     -0.600049804     -3.366021677
6        4.122769033     -0.336449969     -3.160557000
6        4.953540304     -0.100451607     -4.230378275
6        6.374317496      0.165767382     -4.017418436
6        7.178179473      0.444640656     -5.162118181
6       -2.308887543      0.334755393      0.928188296
6       -0.885672176      0.170652550      1.140035896
6       -0.027801428     -0.138504111      0.081433959
6        1.403697177     -0.021775587      0.221327720
6        2.258146829     -0.212078455     -0.856678489
6        3.706493083      0.222852509     -0.749094755
6        4.650455649     -0.484632072     -1.749600116
6        6.082570067      0.022837359     -1.581686627
6        6.886414649      0.207490037     -2.711233339
6       -0.316632690      0.446084801      2.436925190
6        1.039331315      0.476434015      2.628274528
6        1.954790198      0.278311748      1.544710072
6        3.344725655      0.318264277      1.732201856
6        4.252594703      0.189536397      0.671470564
6        5.642205245      0.222186680      0.826021155
6        6.525911336      0.205609912     -0.268593070
1        7.934130058      0.464040467     -2.570342046
1        7.584496785      0.377712519     -0.091134051
1        6.050716617      0.328304354      1.828064306
1        3.730971588      0.440171793      2.741868644
1        1.448040666      0.677225679      3.614699627
1       -0.991661492      0.642985247      3.264294845
1       -2.917458468      0.602027746      1.788625439
1       -4.937364281      0.735369110      0.228097707
1       -5.849371305      0.604093353     -2.031832630
1       -5.499180557      0.386787660     -4.510302187
1       -5.091147839      0.611344463     -6.942145743
1       -3.572997882      0.508286883     -8.890613059
1       -1.271926975      0.423655382     -9.800607196
1        0.990871701      0.495012853    -10.732083559
1        3.387732221      0.747180834    -10.347082578
1        5.301816192      0.864709862     -8.748990696
1        7.261702735      0.757209361     -7.274113774
1        8.237068584      0.638044630     -5.017360866
8       -1.608175063     -1.590316606     -1.262660730
8        0.451383529     -1.750961475     -6.803651319
8        2.277027423     -1.900826918     -2.706915919
6       -0.205333900     -0.443938315     -3.681650225
8       -2.102225262     -1.936138256     -3.901515719
8       -2.069141920      1.672635569     -2.921175175
8        4.747944948     -1.902002584     -1.425635363
8        3.729929733      1.638893613     -1.194298477
8        2.952684579     -1.974982188     -7.477649997
8        0.564912997      1.394906881     -4.787059110
1        2.322302716     -2.511850459     -6.965778637
1        1.073497358      1.766289367     -5.525198975
1        3.908951082     -2.293609746     -1.737212675
1        3.154225300      2.119667437     -0.582417023
1       -1.148879179      1.717779341     -3.232497530
1       -1.877982798     -2.247027184     -3.004412379