11.29          	5e-5           
13.27          	5e-5           
20.62          	0.0001         
29.42          	0.00091        
32.82          	0.01379        
36.52          	0.00023        
37.19          	0.00028        
44.41          	0.00029        
45.8           	0.00038        
53.37          	8e-5           
64.19          	0.00017        
66.88          	6e-5           
67.4           	3e-5           
69.8           	0.00063        
71.05          	0.00034        
71.58          	0.00485        
71.68          	0.00068        
72.62          	0.00016        
85.19          	0.00041        
86.92          	0.00078        
89.23          	0.00142        
90.89          	0.00336        
92.29          	0.00248        
99.67          	0.00269        
100.11         	0.00164        
102.58         	0.00065        
103.19         	0.00017        
104.13         	0.00243        
104.99         	0.00064        
106.49         	0.00184        
107.79         	0.00237        
111.88         	0.00198        
117.98         	0.01004        
121.59         	5e-5           
130.16         	0.00219        
131.97         	0.01746        
132.9          	0.02418        
133.35         	0.00735        
135.02         	0.00571        
138.24         	0.01664        
149.66         	0.03502        
152.74         	0.00059        
162.2          	0.01998        
171.22         	0.01275        
174.29         	0.03137        
179.46         	0.04502        
180.88         	0.05286        
182.59         	0.04911        
186.4          	0.02055        
187.89         	0.00112        
189.55         	0.03086        
193.66         	0.01071        
198.92         	0.00237        
200.3          	0.00137        
201.59         	0.02562        
204.42         	0.02865        
206.59         	0.00382        
207.64         	0.01007        
209.81         	0.01656        
213.6          	0.49223        
214.34         	0.00908        
227.18         	0.44446        
228.21         	0.25065        
233.25         	0.03543        
237.01         	0.08572        
260.07         	0.22333        
266.83         	0.06564        
273.66         	0.00951        
287.17         	0.05432        
295.33         	0.26897        
297.34         	0.47023        
303.97         	0.31389        
311.82         	0.0385         
317.05         	0.20384        
324.66         	0.0829         
328.28         	0.09725        
337.33         	0.04552        
348.28         	0.10409        
359.57         	0.05712        
362.51         	0.21169        
372.49         	0.04047        
374.1          	0.0263         
387.03         	0.03828        
395.99         	0.00611        
400.04         	0.01039        
405.02         	0.12257        
411.56         	0.08199        
420.68         	0.01021        
429.86         	0.00254        
440.63         	0.02258        
442.82         	0.26764        
453.69         	0.00383        
462.59         	0.01778        
467.02         	0.01408        
470.13         	0.05582        
476.69         	0.23205        
483.14         	0.05669        
494.36         	0.07651        
503.66         	0.08543        
509.14         	0.81015        
517.41         	0.50954        
521.95         	0.86457        
537.66         	0.22409        
543.98         	0.18879        
558.28         	0.04812        
564.23         	0.01266        
572.41         	0.01844        
581.13         	0.02429        
584.46         	0.00345        
589.1          	0.03427        
593.09         	0.05946        
599.67         	0.07624        
606.94         	0.06522        
611.31         	0.24248        
616.47         	0.47896        
619.46         	0.36265        
624.3          	0.22936        
630.47         	0.34473        
637.42         	0.20669        
651.6          	0.08638        
654.94         	0.06328        
662.93         	0.01434        
672.94         	0.12264        
677.31         	0.19283        
680.42         	0.13365        
684            	0.12697        
691.08         	0.03826        
692.56         	0.0599         
702.08         	0.17782        
703.14         	0.02464        
710.44         	0.13666        
716.97         	0.03475        
719.73         	0.00801        
728.63         	0.07918        
730.34         	0.14588        
745.22         	0.06649        
746.2          	0.18364        
749.74         	0.04092        
756.89         	0.04681        
760.74         	0.10205        
766.88         	0.43414        
771.64         	0.05662        
780.8          	0.14011        
787.35         	0.23395        
789.65         	0.00395        
797.4          	0.05965        
797.9          	0.12938        
800            	0.11829        
805.35         	0.08331        
810.86         	0.16127        
812.03         	0.2267         
824.67         	0.29014        
846.36         	0.01472        
853.07         	0.03918        
853.89         	0.09672        
860.35         	0.07995        
875.1          	0.60882        
886.04         	0.44144        
893.28         	0.08501        
894.19         	0.84492        
897.28         	0.04258        
901.51         	0.18793        
904.34         	0.59306        
913.81         	1.65301        
921.89         	1.33928        
931.49         	0.33776        
947.3          	0.03848        
959.78         	0.69909        
981.09         	0.40264        
1005.59        	0.79385        
1017.47        	0.8972         
1022.45        	0.86852        
1034.46        	0.18697        
1035.99        	1.07926        
1048.53        	0.09092        
1061.12        	0.09636        
1063.87        	0.02034        
1072.29        	0.32462        
1079.52        	0.15835        
1080.34        	0.14529        
1096.71        	0.50001        
1106.21        	0.28553        
1119.63        	0.11722        
1120.79        	0.44113        
1138.88        	0.09254        
1151.5         	0.79338        
1160.24        	0.60254        
1161.36        	0.02839        
1177.84        	0.30745        
1193.76        	0.326          
1203.85        	0.27           
1211.14        	0.16852        
1226.8         	0.65741        
1232.37        	0.14603        
1252           	0.30871        
1269.26        	0.11432        
1282.53        	0.31318        
1291.09        	0.02714        
1295.83        	0.2419         
1317.39        	1.14528        
1322.67        	1.00911        
1328.21        	0.192          
1337.17        	0.36408        
1348.91        	0.18728        
1358.36        	0.41589        
1365.26        	0.32128        
1366.4         	0.47029        
1374.32        	0.42265        
1377.9         	0.57459        
1380.23        	0.04857        
1390.91        	0.23613        
1395.77        	0.48593        
1398.56        	0.89683        
1399.35        	0.97539        
1401.68        	1.71474        
1405.35        	0.60703        
1413.97        	0.03102        
1421.86        	0.34355        
1436.72        	1.69999        
1454.32        	1.63866        
1457.41        	1.04337        
1463.54        	0.39116        
1471.57        	0.18349        
1475.52        	0.32115        
1482.55        	0.7536         
1485.45        	0.07412        
1488.12        	0.21232        
1499.13        	0.08936        
1503.08        	0.52549        
1514.55        	0.13333        
1531.16        	0.05035        
1546.73        	0.23513        
1549.42        	0.02224        
1564.94        	0.05031        
1584.1         	0.1745         
1590.57        	0.11034        
1594.56        	0.74412        
1599.79        	0.22809        
1608.81        	0.12871        
1630.84        	0.17538        
1633.27        	0.93579        
1643.25        	0.10898        
1651.13        	0.04615        
1656.49        	0.06816        
1667.01        	0.15334        
1677.85        	0.25473        
1686.19        	0.0447         
1686.6         	0.22965        
1704           	0.03399        
3635.15        	0.78442        
3661.72        	1.05176        
3719.18        	0.58966        
3724.43        	0.71399        
3769.78        	0.165          
3803.59        	0.74517        
