6       -3.931933933      0.497720968     -6.848388414
6       -3.089662022      0.393809053     -7.927205438
6       -1.704998670      0.088170316     -7.753882556
6       -0.803213499      0.150580308     -8.880199760
6        0.554840040      0.020642553     -8.764795463
6        1.484452042      0.277548326     -9.840756307
6        2.829259771      0.299827685     -9.631970887
6       -4.294405059      0.467668678     -4.395996503
6       -3.450603170      0.311683879     -5.517172107
6       -2.068793767     -0.027325608     -5.320610915
6       -1.221444190     -0.148284739     -6.451992559
6        0.181239919     -0.548494262     -6.261755677
6        1.126529102     -0.428060608     -7.471858795
6        2.553459563     -0.180328354     -7.210650796
6        3.406932711      0.129704969     -8.307312038
6        4.773906971      0.289921045     -8.069727481
6       -4.672647734      0.495199422     -1.939890810
6       -3.822282318      0.280660400     -3.101038712
6       -2.455991875     -0.104811878     -2.909223963
6       -1.571972582     -0.234651455     -3.987163090
6        0.773060575     -0.483718279     -4.908068253
6        2.146454291     -0.469789509     -4.774110655
6        3.050562260     -0.268210394     -5.900719624
6        4.445960277     -0.057910363     -5.665543613
6        5.311424251      0.200681400     -6.769938401
6        6.716891946      0.413120922     -6.527233825
6       -4.197327231      0.431808032     -0.666007719
6       -2.821846167      0.089476576     -0.389305222
6       -2.005291959     -0.383952863     -1.532960654
6       -0.504876111     -0.576089665     -1.306232843
6        0.374681895     -0.532545421     -2.482491340
6        1.813082039     -0.699289104     -2.233976511
6        2.749747789     -0.655502454     -3.437493407
6        4.147553028     -0.247951648     -3.210360409
6        4.984786578     -0.042543906     -4.326419492
6        6.377677372      0.219455042     -4.117656452
6        7.226372227      0.421694125     -5.262290680
6       -2.247755232      0.156311021      0.853338187
6       -0.826807785      0.012555343      1.083204663
6        0.049085401     -0.236714579      0.015042947
6        1.462049369     -0.152926085      0.186006836
6        2.352307601     -0.321319036     -0.908358839
6        3.735649053     -0.148333598     -0.748647493
6        4.633993982     -0.122365652     -1.894737007
6        6.028871216      0.144428283     -1.692520973
6        6.869722222      0.280914365     -2.804227156
6       -0.273063996      0.257621345      2.382282581
6        1.084114075      0.300838428      2.580620322
6        1.996011069      0.126107364      1.492222346
6        3.391388196      0.218388802      1.651213033
6        4.265271189      0.109767997      0.566509325
6        5.689728855      0.284247298      0.726342106
6        6.527924646      0.298001577     -0.345919986
1        7.928317591      0.469996610     -2.645673853
1        7.594236815      0.453766287     -0.210601530
1        6.076827706      0.429693732      1.730542747
1        3.797649867      0.408787999      2.641216472
1        1.488376040      0.490282958      3.570689837
1       -0.952762604      0.426415217      3.212141347
1       -2.865656546      0.428083124      1.705845250
1       -4.847545541      0.653317595      0.175566969
1       -5.710711492      0.756022930     -2.122549524
1       -5.332848021      0.745950031     -4.553581839
1       -4.981957571      0.733997558     -6.991998433
1       -3.464227773      0.558047506     -8.933095579
1       -1.229722490      0.408164968     -9.846704191
1        1.077699430      0.470405612    -10.829414884
1        3.507920477      0.495711970    -10.456667115
1        5.438493360      0.509254280     -8.901060034
1        7.363707058      0.584856178     -7.382570607
1        8.284974060      0.596592647     -5.094348437
8       -1.433997095     -1.721479987     -1.319606737
8        0.610322852     -1.725034108     -7.020286943
8        2.400017415     -1.931255673     -2.790487252
6       -0.132327089     -0.466660183     -3.760769043
8       -1.292899743     -4.219825654     -3.019081451
1       -1.236837384     -4.055754468     -3.988299488
1       -1.371346023     -3.342851367     -2.605466394
8       -0.327298628     -4.195477560     -5.621275797
8        1.386694475     -4.706361466     -3.515889261
1        0.456798699     -4.463687931     -5.083780742
1       -0.004197324     -3.485853011     -6.199275536
1        0.496482813     -4.669678092     -3.088543635
1        1.765376868     -3.831449352     -3.321347712