11.08          	0.0015
12.21          	0.00014
16.3           	0.00768
20.51          	8E-5
28.81          	0.00145
34.51          	0.01499
36.42          	0.00279
37.04          	0.00534
38.89          	0.0187
45.19          	0.00408
45.96          	0.00078
49.17          	0.01385
53.59          	0.00086
65.37          	7E-5
68.04          	2E-5
68.35          	2E-5
70.9           	0.004
71.89          	4E-5
72.47          	0.00222
73.55          	0.00038
74.77          	0.00638
81.47          	0.00494
86.85          	0.0004
88.05          	0.00019
91.12          	6E-5
94.28          	0.00206
96.6           	0.01552
101.63         	0.00011
103.31         	0.02318
104.24         	0.00104
104.61         	0.00361
105.24         	0.00241
105.72         	0.00064
108.77         	0.00804
110.13         	0.00165
110.75         	0.00173
114.45         	0.01308
117.83         	0.01702
122.75         	0.00012
133.77         	0.00978
133.84         	0.0114
136.82         	0.00269
137.04         	0.00145
147.64         	0.0022
150.97         	0.01517
156.43         	0.00058
158.68         	0.00022
167.13         	0.00973
178.37         	0.04428
182.21         	0.00704
182.69         	0.01108
187.83         	0.00114
191.49         	0.00543
191.69         	0.00898
192.67         	0.01273
200.63         	0.00178
200.7          	0.00294
201.74         	0.00035
207.64         	0.00065
208.12         	0.00065
210.37         	0.00089
222.26         	0.19783
233.38         	0.02107
237.36         	0.2527
244.25         	0.00542
255.26         	0.00762
264.2          	0.04742
272.34         	0.00433
281.2          	0.00921
287.62         	0.10953
303.51         	0.02046
315.3          	0.02904
324.17         	0.0133
342.68         	0.04302
348.71         	0.00746
353.7          	0.01742
363.92         	0.15355
372.89         	0.02146
385.58         	0.0193
388.58         	0.18185
399.29         	0.13246
407.18         	0.02269
412.19         	0.64947
417.55         	0.32701
424.31         	0.05379
429.18         	0.02858
438.88         	0.06422
444.2          	0.03553
449.65         	0.07292
452.82         	0.00844
458.13         	0.0464
467.77         	0.01724
474.06         	0.02736
478.73         	0.035
498.19         	0.24561
500.72         	1.85789
502.59         	0.63684
507.94         	0.81541
523.13         	0.22288
533.73         	0.01354
554.27         	0.04797
562.99         	0.24102
565.22         	1.82596
574.07         	0.12962
576.23         	0.11376
577.39         	0.02529
593.39         	0.04474
597.52         	0.08556
608.74         	0.08036
614.7          	0.03839
624.55         	2.84424
627.78         	0.06407
631.27         	0.48761
641.95         	0.23901
645.4          	0.02273
653.77         	0.09053
654.64         	0.22611
659.47         	0.18038
660.4          	0.05961
670.18         	0.11424
680.14         	0.05657
685.73         	0.09858
689.59         	0.0793
695.71         	0.03922
703.64         	0.19608
707.85         	0.06506
708.36         	0.03868
716.08         	0.07752
718.71         	0.16595
722.44         	2.32766
726.12         	1.49745
727.74         	0.10279
733.81         	0.12819
735.58         	0.43095
746.83         	0.3141
750.47         	0.16781
758.29         	0.07276
762.54         	0.00817
769.98         	2.8747
773.2          	0.57055
776.91         	0.48298
787.44         	0.0438
792.1          	0.09786
793.23         	0.2314
799.59         	0.1043
806.24         	0.08452
809.06         	0.01778
812.85         	0.07598
817.69         	0.10732
822.81         	0.22405
827.82         	0.01678
838.3          	0.0325
842.79         	0.57269
850.89         	0.03896
860.66         	0.07191
867.78         	0.00297
883.05         	0.63383
894.08         	0.38932
899.42         	0.07353
902.54         	0.1631
931.41         	0.07954
939.65         	0.04799
940.19         	0.01148
964.43         	0.0103
996.27         	0.13455
1061.35        	0.01341
1063.69        	0.04599
1075.72        	0.03493
1079.33        	0.05412
1088.55        	0.0649
1090.46        	1.96829
1094.08        	0.00347
1103.73        	0.02106
1108.92        	0.0415
1152.89        	0.23721
1155.75        	0.07774
1179.65        	0.73694
1183.24        	1.03717
1197.78        	0.04961
1220.69        	0.07774
1224.7         	0.60373
1232.94        	0.12579
1250.18        	0.16828
1276.25        	0.09838
1284.49        	0.03433
1298.11        	0.3239
1305.6         	0.01555
1312.79        	0.03605
1324.42        	0.19685
1333.67        	0.27105
1341.59        	0.03844
1347.05        	0.02414
1359.23        	0.10427
1364.78        	0.257
1375.08        	0.2171
1393.49        	0.29705
1395.11        	0.03871
1397.16        	0.05878
1403.04        	0.1979
1406.63        	0.0024
1415.61        	0.00037
1422.05        	0.11526
1422.09        	0.02545
1430.25        	0.02413
1434.31        	0.03046
1448.1         	0.1155
1458.68        	0.06093
1467.54        	0.00272
1468.74        	0.01361
1477.13        	0.03468
1484.74        	0.01629
1487.89        	0.06458
1494.26        	0.00238
1500.6         	0.00928
1512.09        	0.13878
1518.59        	0.05918
1526.99        	0.00377
1535.7         	0.0108
1544.32        	0.09987
1556.98        	0.16907
1561.12        	0.26905
1582.35        	0.11082
1596.63        	0.02127
1604.83        	0.05744
1618.62        	0.01441
1628.39        	0.06879
1635.14        	0.05137
1643.2         	0.28424
1647.28        	0.15165
1650.17        	0.04583
1665.74        	0.01792
1673.96        	0.00744
1680.39        	0.02899
1683.59        	0.05757
1694.5         	0.3699
1696.33        	0.44631
1704.86        	0.18328
1728.09        	0.61041
1748.98        	0.72629
1776.84        	2.98805
3395.74        	0.62291
3483.56        	6.68497
3522.43        	5.36988
3729.55        	0.67295
3736.66        	6.70342
3774.15        	3.87985
