 1      2  D
 1      9
 1      63
 2      3
 2      64
 3      4  D
 3      11
 4      5
 4      65
 5      6  D
 5      13
 6      7
 6      66
 7      15  D
 7      87
 8      9  D
 8      18
 8      62
 9      10
 10     11  D
 10     20
 11     12
 12     13
 12     21
 12     72
 13     14
 13     71
 14     15
 14     23  D
 15     16
 16     25  D
 16     67
 17     18  D
 17     27
 17     61
 18     19
 19     20  D
 19     29
 20     70
 21     22  D
 21     70
 22     23
 22     33
 23     24
 24     25
 24     35
 24     73
 25     26
 26     37  D
 26     68
 27     28  D
 27     60
 28     29
 28     38
 29     30
 29     78
 30     31  D
 30     40
 31     32
 31     70
 32     33  D
 32     42
 33     34
 34     35
 34     44  D
 35     36
 35     74
 36     37
 36     46  D
 37     69
 38     39  D
 38     59
 39     40
 39     47
 40     41  D
 41     42
 41     49
 42     43
 42     75
 43     44
 43     51
 43     76
 44     45
 45     46
 45     53  D
 46     54
 47     48  D
 47     58
 48     49
 48     88
 49     50  D
 50     51
 50     57
 51     52  D
 52     53
 52     56
 53     55
 70     77
 71     79
 72     85
 73     86
 74     80
 75     82
 76     81
 77     83
 78     84