6       -4.063468333      0.255206668     -6.855340293
6       -3.195409876      0.272664320     -7.927099318
6       -1.781869861      0.186023165     -7.735129605
6       -0.851491165      0.132157712     -8.855962804
6        0.512907431      0.191905726     -8.699687702
6        1.459725940      0.133296314     -9.776603352
6        2.815221703      0.090786102     -9.563933888
6       -4.426455290      0.160056465     -4.377597352
6       -3.580688556      0.190331953     -5.512974534
6       -2.158545245      0.159665581     -5.310641466
6       -1.287746318      0.112092341     -6.421501305
6        0.175587836     -0.260725978     -6.241311746
6        1.051458744      0.453250095     -7.294985725
6        2.516619987      0.094601266     -7.094144800
6        3.404399475      0.047953401     -8.252843225
6        4.775928644     -0.045255024     -8.059337922
6       -4.756633229      0.067699524     -1.907060092
6       -3.908150314      0.051237150     -3.085390910
6       -2.483077950      0.020601555     -2.898053154
6       -1.640741713      0.152116905     -3.978723610
6        0.730929096      0.022533720     -4.869469712
6        2.079008801      0.034134632     -4.678196582
6        2.979248713     -0.066749744     -5.829574879
6        4.439792018     -0.354058667     -5.560759169
6        5.349981774     -0.101055585     -6.765751566
6        6.711235313     -0.034953852     -6.514827352
6       -4.249273192      0.112230455     -0.638105647
6       -2.834048321      0.068804397     -0.366551188
6       -1.923712956     -0.306484383     -1.525040496
6       -0.486105766      0.120327209     -1.328056953
6        0.346472517      0.260207310     -2.406376299
6        1.769158493      0.304229138     -2.250511018
6        2.625399695      0.195902454     -3.327100596
6        4.066713587      0.209514030     -3.116358612
6        4.946351497      0.435419888     -4.326823718
6        6.429155129      0.142584807     -4.072567384
6        7.238501004     -0.004804746     -5.190264513
6       -2.296106116      0.176132047      0.889126362
6       -0.874663416      0.156231924      1.138606796
6        0.028608378      0.176516995      0.030923226
6        1.403278362      0.298703803      0.257275645
6        2.346849823      0.582778622     -0.888862338
6        3.688304033     -0.137230932     -0.686952220
6        4.611240825      0.137529451     -1.864971483
6        6.048872468      0.153547262     -1.643598357
6        6.908366436      0.147112033     -2.738978680
6       -0.331456638      0.195913827      2.442731503
6        1.043841525      0.238548888      2.653173621
6        1.944319963      0.291044557      1.561238469
6        3.387862991      0.335813277      1.729262625
6        4.261391621      0.200572027      0.683785189
6        5.690296811      0.244367477      0.803155360
6        6.525759693      0.194073861     -0.283961076
1        7.982808954      0.108686655     -2.570814662
1        7.601255916      0.224473381     -0.131969996
1        6.115046552      0.338240979      1.799483250
1        3.776241967      0.469551262      2.736758380
1       -1.006913928      0.186594373      3.293688613
1       -2.958537122      0.303892226      1.743300915
1       -4.925144684      0.193831812      0.209638515
1       -5.831669521      0.102328869     -2.060305091
1       -5.502596137      0.225160632     -4.518177543
1       -5.136240884      0.290318079     -7.023453017
1       -3.583530123      0.330334740     -8.940325287
1       -1.270934066      0.050500897     -9.856571254
1        1.074437661      0.102225670    -10.792863596
1        5.437874791     -0.023116279     -8.922459349
1        7.404543109     -0.004389484     -7.351674159
1        8.315101918     -0.078913440     -5.056097338
6       -0.187460694      0.506468756     -3.791472960
8        0.980399571      1.904746901     -7.044788377
8        0.289093778     -1.707479480     -6.402991684
8        4.469179812     -1.782343303     -5.245486354
8        4.814952938      1.844918940     -4.706199293
8        2.672715041      2.019044204     -0.846482157
8        3.471524506     -1.580270392     -0.618523901
8       -0.156687571      2.007148059     -3.902955841
8       -1.805738941     -1.794308564     -1.482409867
1        0.146728639      2.209286839     -7.435505947
1        4.975575894      2.359425479     -3.901761550
1        3.203620143     -1.867189748     -1.506070221
1        1.894877638      2.478853195     -1.196205400
1        0.280825262      2.205442423     -4.751107307
1       -2.712029818     -2.135044260     -1.419196026
1       -0.100600221     -1.924602455     -7.264238755
1        5.403524142     -2.027626261     -5.157908504
1        3.486153058      0.048283832    -10.417586245
1        1.436236222      0.238610022      3.666041294