12.71          	7E-5
13.06          	5E-5
21.08          	0.00093
25.61          	0.02087
29.69          	0.00122
37.17          	0.00023
37.37          	0.00014
45.19          	0.00027
46.02          	4E-5
52.69          	0.00015
64.06          	0.00012
67.03          	2E-5
68.34          	1E-5
70.06          	0.00017
71.2           	0.00078
72.21          	0.00199
73.33          	0.00134
74.57          	0.00052
81.85          	0.00942
82.73          	0.00814
87.34          	0.00111
87.74          	0.00159
91.11          	0.00051
98.95          	0.00061
100.48         	0.0009
101.2          	0.00152
101.46         	0.0028
102.07         	0.00212
103.29         	0.00027
106.28         	0.00067
107.24         	0.00152
108.63         	0.00066
113.83         	0.00546
121.78         	0.0012
127.89         	0.00706
130.35         	0.01815
131.29         	0.01444
132.24         	0.0171
134            	0.00087
136.11         	0.0313
143.7          	0.00121
149.91         	0.00064
152.89         	0.01701
157.27         	0.03996
162.59         	0.03524
170.63         	0.01601
178.47         	0.03183
179.07         	0.03271
184.56         	0.00894
185.89         	0.03365
188.33         	0.07557
188.91         	0.02038
191.83         	0.06503
195.1          	0.03515
197.76         	0.04645
200.27         	0.04403
201.7          	6E-5
202.93         	0.01032
205.31         	0.13667
206.8          	0.02475
209.45         	0.07271
211.63         	0.01638
212.24         	0.2077
219.32         	0.27049
223.88         	0.12653
232.17         	0.50117
240.88         	0.2486
245.39         	0.04332
248.33         	0.12849
256.3          	0.15853
264.25         	0.93314
265.71         	0.05724
277.93         	0.96231
281.1          	0.21107
295.37         	0.14236
299.79         	0.40304
304.34         	0.41323
316.15         	0.47069
321.19         	0.64829
321.64         	0.22223
338.75         	0.13426
346.72         	0.12936
348.81         	0.1075
358.43         	0.06424
367.21         	0.08795
373.12         	0.07259
378.42         	0.04932
386.64         	0.34541
393.88         	0.14221
407.24         	0.0397
417.29         	0.4133
423.83         	0.16462
428.12         	0.10171
435.17         	0.02642
443.2          	0.04052
446.88         	0.01511
456.07         	0.05916
465.48         	0.0401
472.16         	0.08541
477.99         	0.00599
489.09         	0.04701
494.2          	0.04391
500.63         	0.02159
506.69         	0.07081
514.81         	0.03235
524.42         	0.27091
561.98         	0.05763
569.51         	0.01036
570.15         	0.01412
575.39         	0.0223
580.4          	0.02086
582.49         	0.07178
593.48         	0.00867
599.05         	0.03256
606.91         	0.05488
616.18         	0.1502
618.08         	0.0175
633.72         	0.01072
639.31         	0.01124
649.32         	0.00591
657.19         	0.13426
660.34         	0.09419
668.62         	0.08407
672.65         	0.0496
677.27         	0.06646
679.42         	0.03783
687.45         	0.05615
696.47         	0.12751
701.73         	0.00642
711.2          	0.11413
714.27         	0.03082
722.23         	0.08425
723.32         	0.02687
731.72         	0.01991
735.3          	0.10975
740.26         	0.02239
743.04         	0.04477
744.77         	0.1346
746.18         	0.01891
761.37         	0.08641
769.65         	0.11575
778.27         	0.15706
783.45         	0.05236
786.64         	0.29336
788.66         	0.07624
800.06         	0.46059
804.96         	0.0783
810.14         	0.04944
814.93         	0.01612
817.91         	0.14207
829.33         	0.25821
837.08         	0.02637
843.89         	0.1632
860.48         	0.02866
865.37         	0.10369
874.31         	0.21892
877.16         	0.14299
886.57         	0.04821
887.76         	0.65934
895.01         	0.1084
915.86         	0.52571
921.57         	0.15712
933.91         	0.17054
935.84         	0.12268
944.44         	0.00534
960.86         	5.57333
967.69         	0.13784
974.71         	0.14052
1007.42        	2.49777
1021.91        	0.12863
1030.4         	1.39417
1038.09        	0.48857
1043.21        	0.11462
1045.29        	0.06824
1052.33        	0.15646
1061.43        	0.0383
1064.24        	0.13463
1081.5         	0.05447
1088.12        	0.14064
1097.64        	0.18936
1114.25        	0.01933
1130.08        	0.3797
1132.29        	0.19327
1141.23        	0.19556
1148.41        	0.22593
1162.98        	0.28689
1178.3         	1.10116
1183.49        	0.04273
1199.14        	2.56397
1211.26        	0.14147
1224.38        	0.62296
1228.95        	0.10358
1243.85        	1.44051
1251           	0.32679
1267.66        	0.04623
1269.12        	0.99124
1287.06        	0.78033
1299.06        	0.27811
1306.62        	1.1257
1326.12        	0.41329
1329.25        	0.72868
1333.6         	0.27463
1341.15        	0.23542
1352.23        	0.41831
1361.81        	1.17908
1366.76        	0.0437
1367.68        	0.55181
1368.68        	0.10695
1378.36        	0.06737
1382.34        	0.47643
1384.77        	1.38005
1389.22        	0.0631
1398.3         	1.34588
1404.11        	0.74426
1404.92        	2.03876
1414.28        	1.27777
1417.48        	0.57925
1423.8         	0.32897
1440.47        	0.24619
1443.32        	0.16203
1447.05        	0.45491
1456.94        	0.01408
1462.35        	0.35152
1465.35        	0.12871
1478.29        	0.10932
1490.47        	0.09203
1494.84        	0.27061
1498.12        	0.09511
1510.55        	0.06603
1512.97        	0.1813
1534.08        	0.07833
1540.8         	0.01577
1560.41        	0.08582
1573.13        	0.202
1584.77        	0.10491
1586.35        	0.23049
1597.72        	0.36806
1608.26        	0.06329
1614.96        	0.32245
1620.13        	0.39902
1634.11        	0.71287
1640.78        	0.3559
1649.14        	0.02887
1651.44        	0.01561
1657.21        	0.02683
1661.97        	0.10733
1663.05        	0.40882
1674.74        	0.15927
1677.3         	0.1693
1709.66        	0.02519
3686.7         	0.54418
3766.7         	0.14263
3768.77        	0.43018
3771.38        	0.13438
3772.39        	0.30194
3775.93        	0.30695
3791.87        	0.42839
3798.33        	0.6666
