55.3317        	0.3452         
422.6316       	4.849          
544.507        	27.8383        
580.2476       	40.2467        
666.8408       	106.8064       
862.6162       	3.4184         
1001.9217      	68.6314        
1067.3638      	7.4882         
1204.9051      	210.093        
1335.6279      	52.0862        
1414.2894      	57.3679        
1475.6756      	16.4776        
1482.2616      	11.1521        
1822.1969      	358.5057       
3064.2253      	2.0514         
3129.3838      	3.6719         
3181.2186      	4.228          
3755.0727      	60.4457