 1      2  D
 1      9
 1      59
 2      3
 2      60
 3      4  D
 3      11
 4      5
 4      74
 5      6  D
 5      13
 6      7
 6      73
 7      15  D
 7      61
 8      9  D
 8      18
 8      84
 9      10
 10     11  D
 10     20
 11     12
 12     13
 12     21  D
 13     14  D
 14     15
 14     23
 15     16
 16     25  D
 16     62
 17     18  D
 17     27
 17     88
 18     19
 19     20  D
 19     29
 20     64
 21     22
 21     64
 22     23
 22     33
 22     94
 23     24  D
 24     25
 24     35
 25     26
 26     37  D
 26     63
 27     28  D
 27     58
 28     29
 28     38
 29     30  D
 30     31
 30     40
 31     32  D
 31     64
 32     33
 32     42
 33     34
 33     92
 34     35
 34     44  D
 35     36  D
 36     37
 36     46
 37     69
 38     39  D
 38     57
 39     40
 39     47
 40     41  D
 41     42
 41     49
 42     43  D
 43     44
 43     51
 44     45
 45     46
 45     53  D
 46     83  D
 47     48  D
 47     56
 48     49
 48     65
 49     50  D
 50     51
 50     81
 51     52  D
 52     53
 52     55
 53     54
 64     90
 65     66
 65     67  D
 66     68
 69     70
 69     71  D
 70     72
 73     75  D
 73     76
 74     77  D
 74     78
 76     79
 78     80
 81     82
 84     85
 84     86  D
 85     87
 88     89
 90     91
 92     93
 94     95
 67     82  H
 72     83  H
 85     89  H
 90     93  H