6       -0.389695000      2.151098000     -0.000006000
6        0.858047000      1.526842000     -0.000001000
6       -1.563127000      1.393322000     -0.000005000
1        1.768734000      2.113696000     -0.000003000
1       -2.535551000      1.873714000     -0.000011000
6        0.930651000      0.126766000      0.000005000
6       -1.473424000     -0.001061000      0.000003000
17      -2.946444000     -0.958413000      0.000003000
6       -0.240220000     -0.644800000      0.000004000
1       -0.168246000     -1.726171000     -0.000001000
1       -0.454199000      3.234755000     -0.000011000
6        2.231517000     -0.598367000      0.000000000
8        2.353096000     -1.808006000     -0.000016000
8        3.304503000      0.233629000      0.000013000
1        4.095511000     -0.330748000      0.000003000