58.5488        	0.7652         
149.1461       	0.4266         
160.8577       	0.4085         
200.0629       	0              
302.0995       	1.0019         
376.2363       	1.5515         
412.9148       	5.3701         
432.7528       	5.0966         
494.7111       	2.4776         
521.2255       	8.5885         
604.231        	101.8431       
635.648        	46.1564        
684.8468       	0.3448         
694.7895       	58.7531        
764.1581       	89.4487        
821.0279       	3.0535         
834.0882       	29.0277        
930.5672       	4.6723         
944.5438       	3.668          
999.9304       	0.0195         
1013.5369      	0.6643         
1101.3975      	20.8749        
1116.4105      	1.2796         
1125.1016      	75.1784        
1190.7999      	140.9023       
1202.4457      	172.7575       
1304.609       	13.5135        
1356.1721      	8.6649         
1368.425       	150.077        
1459.5322      	68.2966        
1509.0943      	5.4706         
1620.3286      	28.7694        
1641.2792      	4.7954         
1794.4726      	354.6327       
3199.1391      	5.7725         
3219.8346      	2.1369         
3233.8425      	1.4264         
3234.6395      	3.1762         
3765.6657      	103.9141