6       -7.430534046      0.940242935    -12.941595770
6       -5.839234935      0.743277623    -14.980651402
6       -3.222307332      0.165877858    -14.653398118
6       -1.517887960      0.283058962    -16.781922979
6        1.048826013      0.038595375    -16.563855024
6        2.805978554      0.524792234    -18.596824427
6        5.347143951      0.569014597    -18.201362235
6       -8.116077193      0.881022241     -8.307830423
6       -6.521071258      0.587647398    -10.426294834
6       -3.909489535     -0.051492996    -10.054630675
6       -2.308216221     -0.279293058    -12.192739064
6        0.342644120     -1.034909014    -11.833348657
6        2.129357560     -0.808431491    -14.120260147
6        4.825914707     -0.340109129    -13.626111291
6        6.438621667      0.247183350    -15.698071769
6        9.021828485      0.550512553    -15.249261310
6       -8.830431172      0.935516088     -3.666492590
6       -7.223744674      0.528953844     -5.860630807
6       -4.641515382     -0.197998979     -5.497766228
6       -2.970682839     -0.442711324     -7.534714576
6        1.461130504     -0.913045350     -9.275021437
6        4.056493776     -0.887500724     -9.021884716
6        5.765254060     -0.506794707    -11.150810406
6        8.402266717     -0.109060072    -10.706461634
6       10.037618234      0.380423708    -12.793226161
6       12.693721815      0.780839975    -12.334940537
6       -7.932146071      0.817986161     -1.259097012
6       -5.332817684      0.171264372     -0.735473466
6       -3.789928579     -0.724360771     -2.896505390
6       -0.954386488     -1.087627462     -2.468311063
6        0.707765222     -1.005807131     -4.691208315
6        3.426330402     -1.320674111     -4.221604170
6        5.196499884     -1.237789989     -6.495942771
6        7.837978131     -0.467377778     -6.066988206
6        9.420446445     -0.079607745     -8.176003278
6       12.052786903      0.415250621     -7.781493854
6       13.656905218      0.796485961     -9.944711786
6       -4.247739049      0.297262863      1.612791498
6       -1.562438541      0.024897991      2.047164620
6        0.092631260     -0.445883005      0.028421138
6        2.762835187     -0.287537307      0.351111024
6        4.445221986     -0.606051418     -1.716956912
6        7.059506872     -0.279840673     -1.415171581
6        8.757221471     -0.230996878     -3.580922565
6       11.393341240      0.272130864     -3.198537099
6       12.982438309      0.530549959     -5.299335086
6       -0.515816908      0.486663783      4.502288845
6        2.049016204      0.567869704      4.876585329
6        3.772062123      0.238687345      2.819514650
6        6.408917979      0.412082306      3.120171339
6        8.060195550      0.207007214      1.070294615
6       10.752047713      0.535764982      1.372466049
6       12.336229891      0.561305120     -0.653702567
1       14.982934107      0.886995006     -4.999401745
1       14.351242979      0.854944110     -0.397725381
1       11.482693415      0.811575138      3.270390625
1        7.176650588      0.771296023      4.991104547
1        2.813249637      0.924303233      6.747718819
1       -1.799861188      0.803524444      6.071407788
1       -5.415203774      0.810573512      3.224094977
1       -9.161237099      1.237960137      0.330383803
1      -10.792186290      1.428421964     -4.011710750
1      -10.078969732      1.404999153     -8.606132205
1       -9.414429154      1.389867078    -13.211915296
1       -6.547702870      1.054251244    -16.881101048
1       -2.324258231      0.767868099    -18.608715030
1        2.037899915      0.887692407    -20.465613025
1        6.630000258      0.942086622    -19.758747522
1       10.277649304      0.966226866    -16.819989269
1       13.915241938      1.104600347    -13.952017151
1       15.657841749      1.124718338     -9.627968054
8       -2.710530595     -3.251396217     -2.491949665
8        1.153365817     -3.258536215    -13.266582227
8        4.536557498     -3.648131710     -5.272251293
6       -0.249934765     -0.880887484     -7.106943060
8       -2.455690488     -7.972094910     -5.704653981
1       -2.342608426     -7.663182051     -7.528093923
1       -2.599445884     -6.323659021     -4.918960945
8       -0.615813352     -7.937502381    -10.632084133
8        2.628419805     -8.892896326     -6.635347421
1        0.859273300     -8.434575496     -9.617279466
1       -0.018433256     -6.591028186    -11.713736198
1        0.952907483     -8.823111141     -5.833274713
1        3.342915833     -7.244563865     -6.275363871