10.83          	0.00239
12.13          	0.00015        
14.55          	0.00603        
20.5           	4E-5           
28.82          	0.00146        
34.49          	0.01525        
36.39          	0.00444        
36.94          	0.00631        
38.51          	0.01576        
45.07          	0.00478        
45.95          	0.00076        
48.59          	0.0119         
53.59          	0.00077        
65.38          	7E-5           
68.04          	3E-5           
68.35          	2E-5           
70.84          	0.0042         
71.89          	4E-5           
72.43          	0.00213        
73.54          	0.00043        
74.66          	0.0063         
80.95          	0.00441        
86.84          	0.00044        
87.99          	0.00027        
91.11          	0.00012        
93.74          	0.00355        
96.03          	0.01754        
101.61         	0.00011        
102.39         	0.02025        
103.84         	0.00409        
104.53         	0.00281        
105.12         	0.00125        
105.68         	0.00028        
108.45         	0.00566        
110.09         	0.00182        
110.59         	0.00188        
114.17         	0.01172        
117.7          	0.01354        
122.74         	0.0001         
133.76         	0.00979        
133.83         	0.01141        
136.8          	0.00291        
137            	0.00137        
147.51         	0.00255        
150.87         	0.01442        
156.43         	0.00044        
158.65         	0.00021        
167.13         	0.00972        
178.25         	0.04557        
182.17         	0.00756        
182.66         	0.00996        
187.81         	0.00133        
191.48         	0.00521        
191.71         	0.00947        
192.66         	0.01321        
200.63         	0.00208        
200.68         	0.00293        
201.74         	0.00036        
207.64         	0.00076        
208.12         	0.00092        
210.38         	0.00092        
214.72         	0.20968        
227.68         	0.25516        
234.08         	0.03313        
244.02         	0.00781        
252.85         	0.03401        
255.41         	0.02083        
272.31         	0.00435        
281.16         	0.00943        
287.46         	0.11323        
303.46         	0.02055        
315.2          	0.02911        
324.13         	0.01431        
342.63         	0.04442        
348.65         	0.00632        
353.65         	0.01871        
363.89         	0.157          
372.55         	0.03324        
379.82         	0.14227        
385.8          	0.05435        
399.1          	0.15081        
404.89         	0.33072        
409.2          	0.44647        
416.58         	0.09611        
423.95         	0.084          
429            	0.03459        
438.49         	0.03783        
442.08         	0.06648        
444.26         	0.03916        
452.75         	0.0109         
457.98         	0.04882        
467.72         	0.01847        
473.99         	0.02786        
478.62         	0.03281        
496.64         	2.06916        
499.09         	0.85415        
502.13         	0.09591        
507.5          	0.43345        
523            	0.20356        
533.71         	0.01229        
554.09         	0.13366        
559.51         	1.84835        
563.3          	0.14375        
573.79         	0.05635        
576.12         	0.07603        
577.35         	0.024          
593.35         	0.05577        
597.47         	0.09385        
608.39         	0.38607        
613.29         	2.07154        
615.18         	0.63555        
627.71         	0.05594        
630.63         	0.06382        
641.72         	0.1276         
645.31         	0.0159         
653.77         	0.09133        
654.6          	0.25241        
659.41         	0.15284        
660.38         	0.0587         
670.17         	0.10167        
680.15         	0.04792        
685.67         	0.08319        
689.57         	0.06662        
695.7          	0.03741        
702.66         	3.10794        
703.88         	0.76483        
707.87         	0.06294        
708.68         	0.27169        
716.27         	0.04066        
718.71         	0.06471        
724.84         	0.09044        
727.61         	0.03454        
733.74         	0.0963         
735.37         	0.45771        
746.45         	0.72896        
750.13         	2.81856        
750.46         	0.16801        
758.36         	0.07104        
762.62         	0.07072        
772.81         	0.04438        
776.74         	0.16934        
787.49         	0.04443        
792.1          	0.07487        
793.22         	0.22453        
799.56         	0.09255        
806.26         	0.08863        
809.1          	0.01647        
812.81         	0.08783        
817.68         	0.10938        
822.78         	0.22           
827.83         	0.01613        
838.28         	0.03209        
842.7          	0.56439        
850.88         	0.03609        
860.66         	0.07211        
867.77         	0.00274        
883.05         	0.64764        
894.1          	0.39108        
899.38         	0.07271        
902.49         	0.16248        
931.43         	0.07973        
939.6          	0.05054        
940.16         	0.00964        
964.38         	0.01161        
996.23         	0.14244        
1051.91        	1.76214        
1061.33        	0.01121        
1063.62        	0.04575        
1075.72        	0.02775        
1079.35        	0.04708        
1088.54        	0.05009        
1094.08        	0.01872        
1103.68        	0.0119         
1108.87        	0.03733        
1152.86        	0.23737        
1155.71        	0.07866        
1179.63        	0.73959        
1183.21        	1.03675        
1197.75        	0.05002        
1220.64        	0.07643        
1224.67        	0.60271        
1232.86        	0.12741        
1250.09        	0.16912        
1276.18        	0.09922        
1284.41        	0.03434        
1298.08        	0.32928        
1305.52        	0.01591        
1312.72        	0.03585        
1324.3         	0.19691        
1333.63        	0.26935        
1341.56        	0.03827        
1347.01        	0.02428        
1359.13        	0.10379        
1364.72        	0.25819        
1375.02        	0.21716        
1393.39        	0.29664        
1395           	0.0429         
1397.11        	0.05592        
1402.9         	0.19905        
1406.58        	0.00235        
1415.52        	0.00032        
1421.97        	0.01715        
1422.05        	0.12402        
1430.22        	0.02458        
1434.28        	0.03089        
1448.01        	0.11438        
1458.59        	0.0623         
1467.47        	0.00265        
1468.65        	0.01352        
1477.07        	0.0347         
1484.6         	0.01535        
1487.76        	0.06559        
1494.23        	0.00241        
1500.55        	0.0093         
1512.05        	0.13922        
1518.58        	0.05833        
1526.95        	0.00366        
1535.72        	0.01065        
1544.25        	0.09862        
1556.96        	0.16628        
1561.11        	0.2694         
1582.2         	0.11028        
1596.56        	0.0209         
1604.82        	0.05708        
1618.58        	0.01425        
1628.36        	0.06955        
1635.05        	0.05047        
1643.09        	0.28401        
1647.1         	0.15069        
1650.14        	0.04444        
1665.69        	0.01944        
1673.8         	0.0073         
1680.14        	0.29198        
1680.41        	0.31841        
1683.44        	0.06247        
1694.44        	0.36464        
1696.18        	0.46128        
1700.46        	0.60073        
1704.82        	0.19302        
1726.69        	2.71284        
3467.66        	0.56843        
3552.93        	6.46411        
3588.35        	5.23582        
3788.68        	0.80628        
3796.09        	6.68777        
3833.55        	4.05852