6       -1.022150000     -1.270087000     -0.284065000
6        0.394677000     -1.290046000      0.341735000
6        1.162286000      0.000000000      0.065358000
6        0.394677000      1.290046000      0.341735000
6       -1.022150000      1.270087000     -0.284065000
6       -1.798363000      0.000000000      0.113865000
1        0.298377000     -1.397137000      1.434152000
1        0.989586000     -2.132924000     -0.022205000
1       -0.933011000     -1.311444000     -1.379094000
1       -1.570969000     -2.169429000      0.021039000
1        0.298377000      1.397136000      1.434152000
1        0.989586000      2.132924000     -0.022205000
1       -1.570969000      2.169429000      0.021038000
1       -0.933011000      1.311444000     -1.379094000
1       -1.970229000      0.000000000      1.201091000
1       -2.787454000      0.000000000     -0.361428000
8        2.316983000      0.000000000     -0.339353000