90.5764        	4.1024
180.1668       	0.8201
305.7395       	0.2267
403.6288       	1.5449
414.3541       	2.4877
475.0187       	0.2967
489.2191       	9.0344
652.8562       	1.6915
749.9842       	4.1481
761.6277       	4.454
839.4504       	0.2002
876.0923       	4.1206
896.2975       	2.6612
917.7286       	3.4651
999.5132       	1.1557
1025.3174      	3.2005
1063.2233      	5.9385
1080.2765      	0.5102
1135.9249      	20.3812
1136.5737      	0.2381
1241.3271      	26.1308
1248.1245      	0.8428
1272.9203      	0.272
1287.6284      	1.0893
1338.1332      	12.1464
1346.5103      	3.0701
1367.553       	5.6758
1380.3031      	5.6603
1381.563       	0.9479
1465.6681      	8.3953
1473.821       	9.3011
1495.0938      	8.9478
1496.0068      	5.4212
1511.4002      	1.8933
1786.0551      	237.6522
3011.7578      	2.5694
3016.1097      	21.5423
3018.2956      	11.6996
3029.4873      	22.7315
3031.3538      	47.4179
3071.7947      	51.1897
3074.9771      	38.5737
3079.2871      	53.9555
3111.5204      	21.898
3112.801       	14.5951