6        1.903931000     -1.175059000      0.195924000
6        0.509924000     -1.212278000      0.178827000
6       -0.218720000     -0.029045000     -0.006759000
6        0.453299000      1.188543000     -0.186502000
6        1.848850000      1.216475000     -0.191327000
6        2.574322000      0.037740000      0.005642000
1        2.467038000     -2.090411000      0.351295000
1       -0.024588000     -2.148199000      0.304864000
1       -0.116207000      2.101612000     -0.322794000
1        2.369307000      2.157364000     -0.343246000
1        3.660201000      0.063710000      0.009945000
6       -1.706314000     -0.108154000     -0.041898000
8       -2.356939000     -1.064065000     -0.480667000
8       -2.303671000      1.005928000      0.467219000
1       -3.262620000      0.871690000      0.384078000