67.9208        	1.0169         
160.2032       	0.7067         
215.4019       	1.5474         
382.6328       	5.2117         
414.9335       	0.4567         
435.45         	10.3879        
496.6742       	6.0523         
595.3658       	71.1377        
629.5495       	0.6596         
635.1701       	49.6621        
698.2512       	5.0006         
727.504        	141.5745       
775.0901       	8.543          
819.2857       	0.2487         
865.6185       	0.0632         
960.7095       	1.5922         
998.6989       	0.0555         
1014.2463      	0.0383         
1016.4028      	0.6853         
1047.1025      	16.9465        
1095.1855      	87.5316        
1119.8286      	54.9105        
1186.3228      	1.2013         
1190.9644      	160.5488       
1210.7385      	65.8785        
1344.9685      	1.4888         
1363.4535      	20.5296        
1370.8835      	131.4379       
1485.3944      	15.6172        
1529.2239      	2.4432         
1630.1362      	5.3175         
1651.063       	19.479         
1790.14        	383.6615       
3184.7519      	0.4111         
3196.5147      	12.142         
3206.1654      	15.2144        
3220.8192      	4.5141         
3226.6629      	2.6478         
3767.9214      	95.6349