8        0.166530000      1.770293000      1.286636000
6       -0.116015000      0.655272000      0.858190000
6        0.990234000     -0.417002000      0.899900000
6       -1.466247000      0.289515000      0.379290000
8        0.779779000     -1.424192000      1.565070000
6        2.280318000     -0.166920000      0.201773000
6       -4.043945000     -0.279880000     -0.564320000
6       -3.056184000     -1.272537000     -0.595724000
6       -3.748583000      0.998574000     -0.064201000
8       -5.278096000     -0.613158000     -1.035128000
6       -1.779798000     -0.987073000     -0.126823000
6       -2.470254000      1.275051000      0.400684000
6        4.718664000      0.172125000     -1.132897000
6        4.502236000     -0.970446000     -0.352437000
6        3.719838000      1.142767000     -1.246897000
6        3.289810000     -1.140429000      0.309621000
6        2.503498000      0.977684000     -0.582789000
1       -3.307817000     -2.254285000     -0.982152000
1       -4.518827000      1.766372000     -0.042100000
1       -5.882281000      0.137689000     -0.957899000
1       -1.027644000     -1.767293000     -0.137405000
1       -2.224949000      2.258029000      0.789323000
1        5.665031000      0.304719000     -1.649546000
1        5.279232000     -1.723908000     -0.263503000
1        3.889080000      2.030597000     -1.848640000
1        3.100806000     -2.019060000      0.917652000
1        1.740232000      1.743393000     -0.658578000