23.5778        	2.1784         
34.6246        	0.1516         
42.6697        	1.3293         
106.1623       	0.9336         
126.6189       	0.485          
153.2652       	0.8736         
154.8144       	1.873          
246.6574       	5.6764         
266.6868       	18.6374        
289.4725       	14.9003        
349.8763       	0.8807         
381.2529       	114.3071       
390.4843       	6.2348         
411.9519       	0.2715         
420.1532       	0.3238         
432.0443       	0.8582         
444.4504       	2.2409         
473.7681       	2.9727         
519.2868       	15.3804        
619.5899       	93.2774        
628.582        	0.4735         
648.6463       	5.7902         
685.2029       	27.9702        
695.2178       	24.3284        
704.4049       	9.1554         
728.3944       	56.313         
768.3294       	22.3072        
807.8906       	44.0558        
825.0685       	6.5906         
836.6033       	8.8188         
854.9339       	42.1198        
862.5148       	0.5419         
889.6868       	109.7251       
957.514        	1.0378         
976.3216       	0.0782         
987.8107       	0.8711         
997.5003       	0.4673         
1013.3033      	0.0366         
1015.1056      	1.523          
1024.1559      	0.0401         
1045.3469      	4.7845         
1067.5905      	1.2709         
1109.3164      	3.8815         
1132.5431      	32.3789        
1185.2735      	229.0531       
1187.2927      	192.6987       
1191.2615      	38.5845        
1205.4757      	10.7529        
1235.1599      	209.1799       
1303.1255      	161.0605       
1323.0444      	27.5887        
1341.9116      	12.7715        
1349.906       	12.4513        
1366.4333      	6.124          
1384.2976      	45.074         
1469.5093      	56.0314        
1482.7791      	14.736         
1526.0097      	0.8798         
1546.3002      	29.1075        
1624.4247      	13.2986        
1626.7233      	5.0407         
1644.7216      	30.6517        
1647.5517      	424.2632       
1720.9005      	193.7838       
1730.4866      	187.9277       
3171.7401      	17.7463        
3184.0436      	0.3634         
3195.7596      	11.4876        
3205.467       	17.3571        
3212.7333      	2.0719         
3216.1812      	4.637          
3217.1338      	8.1934         
3227.3259      	3.0379         
3229.8103      	1.854          
3819.7295      	98.5531