6       -1.879390000      0.167986000      0.224793000
6       -2.093761000     -1.048804000     -0.445142000
6       -2.917397000      1.114732000      0.292623000
6       -0.570123000      0.518326000      0.836340000
6       -3.330196000     -1.311867000     -1.036342000
6       -4.149591000      0.847124000     -0.296503000
6       -4.357273000     -0.367176000     -0.962959000
8       -0.360992000      1.584671000      1.401668000
6        0.570133000     -0.518454000      0.836277000
6        1.879391000     -0.168026000      0.224762000
8        0.361021000     -1.584862000      1.401491000
6        4.149626000     -0.847030000     -0.296556000
6        4.357260000      0.367321000     -0.962933000
6        2.917437000     -1.114731000      0.292540000
6        3.330141000      1.311970000     -1.036271000
6        2.093712000      1.048813000     -0.445100000
1       -1.307026000     -1.793162000     -0.489354000
1       -2.734264000      2.049976000      0.811491000
1       -3.492791000     -2.254842000     -1.549409000
1       -4.948872000      1.580030000     -0.239356000
1       -5.319220000     -0.575626000     -1.422607000
1        4.948940000     -1.579903000     -0.239446000
1        5.319203000      0.575844000     -1.422556000
1        2.734339000     -2.050018000      0.811346000
1        3.492699000      2.254984000     -1.549276000
1        1.306943000      1.793137000     -0.489276000