26.3607        	2.3969         
38.6065        	0.0325         
42.2693        	0.7267         
130.9086       	1.4807         
149.8585       	2.5902         
156.9435       	0.0081         
160.4182       	0.2963         
266.9123       	0.1827         
279.2907       	31.937         
337.1286       	3.7277         
409.2831       	0.0013         
411.4784       	0.0139         
422.7918       	0.0034         
434.6717       	0.417          
460.6663       	2.6185         
487.9614       	6.4307         
628.3507       	0.5157         
628.3656       	0.8614         
655.1479       	105.5486       
694.4698       	12.627         
694.8463       	8.6937         
702.9028       	50.2165        
730.3663       	42.4521        
732.7479       	38.2857        
797.448        	18.9633        
818.5651       	42.9598        
862.4148       	0.3571         
862.4601       	0.3696         
884.002        	90.2973        
956.1893       	1.3809         
960.3064       	1.1703         
996.9344       	0.3035         
997.1597       	0.3456         
1013.4756      	0.0017         
1013.7243      	0.2886         
1015.0555      	0.2646         
1015.0772      	2.7538         
1041.4321      	0.7304         
1049.4781      	5.0744         
1069.5088      	0.7759         
1109.4091      	8.0391         
1109.8444      	0.212          
1186.0017      	16.4881        
1186.8386      	0.4571         
1199.795       	140.7073       
1207.5444      	1.339          
1229.6453      	205.3908       
1319.2505      	24.3988        
1345.2809      	8.8722         
1350.576       	11.0309        
1367.1896      	1.9898         
1367.2499      	10.1832        
1482.6215      	33.2729        
1483.4154      	0.5221         
1526.5139      	0.8336         
1526.5745      	1.3987         
1624.7226      	20.6525        
1624.8156      	5.2055         
1644.7649      	21.2213        
1645.3887      	71.8869        
1730.8758      	291.2412       
1732.5177      	123.4677       
3184.7214      	0.4273         
3184.7294      	0.2769         
3196.4216      	1.621          
3196.4365      	19.9132        
3205.7764      	27.4661        
3205.863       	4.9214         
3217.2108      	17.5404        
3217.3591      	0.1508         
3225.8376      	4.1392         
3225.9234      	2.0632