6       -3.997184756      0.153419579     -6.826654905
6       -3.151490718      0.166720630     -7.897775856
6       -1.725193490      0.093271763     -7.737346322
6       -0.831597842      0.185199214     -8.865368098
6        0.566525043      0.113312385     -8.703865837
6        1.509274932      0.047540893     -9.825750233
6        2.856254894      0.108130633     -9.603377559
6       -4.367609729      0.149912879     -4.357443513
6       -3.504940681      0.080961626     -5.484420673
6       -2.088574133     -0.030363777     -5.290276385
6       -1.207026307     -0.016741220     -6.428765423
6        0.225684521      0.028973520     -6.217654590
6        1.114638676      0.114323368     -7.370308481
6        2.520332152      0.146314193     -7.156072317
6        3.414173299      0.159852124     -8.286694369
6        4.784294779      0.180934848     -8.083811211
6       -4.686950638      0.222288999     -1.852990132
6       -3.852076332      0.150375860     -3.047190326
6       -2.421127146      0.009100497     -2.858500277
6       -1.575384840     -0.114624564     -3.976627842
6        0.740967600     -0.040660535     -4.941486643
6        2.169488813      0.330414024     -4.659083930
6        3.074672481      0.148936048     -5.847876291
6        4.454694584      0.129095998     -5.639385065
6        5.331327375      0.166718771     -6.779270944
6        6.714600793      0.212194820     -6.580881024
6       -4.139574686      0.173228223     -0.606566013
6       -2.725206892      0.090281842     -0.403576632
6       -1.857999883      0.007634779     -1.525365752
6       -0.440239333     -0.032697272     -1.325505090
6        0.448025804     -0.145839582     -2.434146823
6        1.818777327     -0.138037233     -2.226424444
6        2.727223130     -0.397437408     -3.421805256
6        4.190076992     -0.032821700     -3.200253984
6        5.045705538      0.101044413     -4.304494082
6        6.492744599      0.191613774     -4.147493562
6        7.320560516      0.243471320     -5.320500300
6       -2.184478685      0.126882782      0.892446349
6       -0.805732886      0.108335208      1.100368071
6        0.097824188      0.036040915     -0.006082854
6        1.512487601      0.023536652      0.228598296
6        2.367113840     -0.037452286     -0.913983914
6        3.784669440     -0.001554576     -0.742081999
6        4.678648157      0.012752632     -1.871238142
6        6.066721267      0.129162095     -1.649451524
6        7.010557428      0.189441875     -2.771622455
6       -0.272486759      0.155518567      2.417704783
6        1.075087136      0.127780275      2.694461179
6        2.049371612      0.069538391      1.586430564
6        3.459181711      0.080531241      1.716691015
6        4.322174697      0.067189389      0.562529138
6        5.731112468      0.141455630      0.749530294
6        6.580423307      0.180248413     -0.334271749
1        7.652654398      0.253114030     -0.205643353
1        6.119211235      0.181371342      1.757767356
1       -0.977637487      0.204068001      3.236481317
1       -2.852770136      0.184201724      1.746483137
1       -4.801877220      0.228158571      0.249899243
1       -5.063302175      0.196004008     -7.003633618
1       -3.567321559      0.219427850     -8.892108272
1        3.536659594      0.054309144    -10.445344358
1        5.458570931      0.205561862     -8.934506196
1        7.379395511      0.243768814     -7.435332674
6       -0.120944664     -0.485040383     -3.793096240
6        1.384765277      0.123876353      4.150089028
8        0.305970662      0.340262918      4.948555257
8        2.474785448     -0.072039815      4.704746317
1        0.641244294      0.280135540      5.859775438
6        8.869044351      0.332636876     -5.492926199
8        9.673166243      0.329565015     -4.445558002
8        9.317799181      0.400953471     -6.632298094
1        9.135628699      0.290324510     -3.580507197
6        1.095409809     -0.305513509    -11.216276899
6       -1.394070297      0.561393833    -10.206048059
8        0.188744742     -1.067419148    -11.512421256
8        1.913522022      0.242787048    -12.161760261
8       -1.007746892      1.532844496    -10.835818353
8       -2.406714118     -0.233348822    -10.646403334
1        1.606676530     -0.113755446    -13.013432934
1       -2.637988723      0.100602767    -11.531256019
8        4.142425083      0.130665649      2.869084708
1        3.547960617      0.021460520      3.664589221
8        8.238780093      0.248443235     -2.467911957
6       -5.834283581      0.221418420     -4.668648240
8       -6.400778072      1.443916562     -4.320612266
8       -6.484383913     -0.620905747     -5.248748579
1       -7.328276988      1.396798550     -4.619543281
8       -6.062309806      0.267905417     -1.930704457
1       -6.325942127      0.954404132     -2.567758782
8       -0.051145252     -2.001907519     -3.926002297
1       -0.504340840     -2.368609918     -3.148648984
8        2.766234013     -1.830621383     -3.674556164
1        1.839538991     -2.131155326     -3.773159724
8        2.178547322      1.762213274     -4.287617308
1        1.904659678      2.253996392     -5.075653297