11.84          	0.01295
20.86          	0.0132
24.79          	0.0009
26.18          	0.01859
30.55          	0.00836
35.4           	0.00779
45.84          	0.00475
51.81          	0.01316
56.33          	0.00748
71.82          	0.00955
78.99          	0.04885
92.69          	0.08396
99.92          	0.01345
103.68         	0.03049
117.71         	0.16248
121.94         	0.0147
128.9          	0.10164
147.63         	0.02752
153.36         	0.13406
155.04         	0.03346
159            	0.01061
163.54         	0.03136
181.27         	0.01865
182.85         	0.02004
189.94         	0.05341
197.56         	0.0754
198.27         	0.03909
207.63         	0.05913
220.74         	0.24613
223.01         	0.14435
228.89         	0.17374
231.3          	0.06049
237.39         	0.07651
246.96         	0.26354
250.45         	0.06627
257.63         	0.32384
260.66         	0.13099
264.81         	0.01192
273.08         	0.23026
275.52         	0.00174
282.5          	0.07542
285.89         	0.12664
291.8          	0.05496
300.38         	0.0226
309.77         	0.05328
317.81         	0.08039
328.09         	0.27764
330.57         	0.0279
338.72         	0.20682
342.03         	0.1832
349.31         	0.25926
353.26         	0.07913
357.04         	1.06485
368.19         	0.50318
376.7          	0.20095
377.74         	0.0351
385.14         	0.02023
396.02         	0.2185
400.96         	0.33549
405.08         	0.13556
415.77         	0.11885
428.06         	0.01639
434.21         	0.12005
446.55         	0.21623
449.11         	0.63298
467.01         	0.01942
470.98         	0.0284
475.95         	0.56447
479.58         	0.44571
488.67         	0.21145
500.86         	0.30435
506.86         	0.54413
512.29         	0.63217
519.26         	0.27105
534.56         	0.09126
538.13         	0.67248
542.02         	0.04377
547.19         	0.1513
559.6          	0.4122
560.61         	0.33899
567.66         	0.30246
574.19         	0.21312
576.1          	0.45428
587.3          	0.90653
589.32         	0.85421
600.07         	0.106
602.17         	2.65144
608.25         	2.16001
610.95         	0.40905
614.5          	3.28155
619.1          	1.0968
624.86         	2.64372
626            	0.61856
630.93         	0.50759
634.68         	0.75845
635.14         	0.15019
639.29         	0.19692
644.48         	0.64836
647.99         	0.64492
656.56         	1.85942
663.63         	1.64252
664.68         	0.05058
666.72         	0.30654
669.78         	0.02222
672.87         	0.19865
676.83         	0.47491
685.37         	0.03363
689.87         	0.61556
693.48         	0.7163
710.79         	1.12562
714.04         	0.69587
716.58         	0.28066
719.14         	0.43099
726.38         	0.20329
728.74         	0.6045
733.11         	0.35044
738.22         	0.2804
744.41         	0.04481
746.49         	0.51302
749.07         	1.75844
751.37         	0.26625
754.11         	0.35955
761.05         	0.49613
765.31         	0.63799
772.05         	0.33664
775.62         	0.24619
780.47         	0.38738
789.21         	0.16494
791.99         	0.42715
795.01         	0.43195
807.72         	0.05489
812.29         	0.57476
817.92         	0.18654
822.69         	0.06723
829.43         	0.12857
843.65         	0.1959
848.1          	0.20822
852.64         	0.10294
865.24         	0.54247
874.09         	1.89329
880.71         	0.81584
881.38         	0.06172
885.55         	0.86305
891.76         	0.25547
901.33         	0.27343
906.93         	0.06531
912.39         	0.86715
916.43         	0.59016
921.54         	0.14865
929.43         	0.45495
932.55         	2.53191
945.1          	0.14382
958.51         	0.1968
975.84         	0.30456
977.5          	0.63026
980.34         	1.25446
993.1          	1.13166
994.01         	0.65438
1002.02        	1.43488
1009.51        	0.73341
1015.77        	0.39708
1021.71        	0.11239
1034.08        	0.01402
1035.37        	0.21508
1054.81        	0.32842
1058.71        	4.23226
1074.67        	3.59992
1084.4         	0.40187
1101.44        	1.74315
1111.32        	0.54332
1132.08        	1.89826
1143.32        	4.18555
1146.45        	15.46264
1162.87        	1.42037
1171.7         	20.40814
1185.93        	5.93064
1195.78        	5.43768
1202.19        	0.76955
1206.43        	2.93932
1217.05        	4.62062
1223.68        	4.80546
1224.84        	3.10482
1237.91        	3.81085
1240.73        	5.87024
1248.5         	1.97786
1259.53        	3.21811
1267.24        	0.30144
1274.7         	10.54417
1276.92        	2.33561
1286.29        	0.38718
1289.4         	3.40399
1293.4         	1.02245
1299.98        	1.37762
1306.03        	0.39567
1311.99        	0.4634
1319.88        	3.55571
1327.18        	0.76108
1341.08        	0.49002
1347.06        	0.2122
1353.96        	0.09486
1354.26        	0.95602
1359.85        	2.80294
1363.04        	1.99755
1365.85        	0.12463
1376.07        	1.04717
1378.64        	4.00451
1385.99        	2.2122
1387.23        	3.4794
1391.88        	4.45842
1397.23        	0.12044
1397.84        	0.21412
1401.23        	4.23051
1408.58        	6.92963
1416.29        	13.20986
1417.11        	3.99304
1424.39        	3.70078
1426.18        	1.31303
1433.56        	0.51606
1439.02        	1.0713
1447.09        	2.57882
1458.51        	0.68829
1462.94        	0.3571
1464.86        	5.99217
1468.19        	1.72438
1475.25        	0.19125
1486.53        	2.76676
1488.85        	0.43991
1492.34        	0.69852
1496.35        	2.00763
1506.36        	1.09818
1515.19        	0.45947
1521.8         	7.51907
1531.93        	0.07473
1536.29        	2.07474
1544.19        	1.06728
1552.03        	6.27407
1565.49        	5.90335
1567.39        	8.83043
1577.69        	1.05055
1580.24        	18.77834
1583.31        	3.72145
1596.78        	1.39441
1608.68        	0.30892
1615.21        	0.25876
1622.32        	7.9315
1629.01        	2.23852
1636.16        	0.53789
1640.22        	2.65246
1649.45        	0.24692
1652.99        	1.79259
1657.31        	0.26413
1672.97        	0.03586
1696.79        	2.35319
1705.65        	7.2265
1764.43        	5.92823
1768.08        	9.57647
1777.56        	4.87066
1807.83        	8.36619
2752.13        	75.31555
3101.67        	53.64139
3198.38        	0.30006
3204.01        	0.21873
3225.26        	0.29742
3229.75        	0.03902
3237.89        	0.65486
3246.36        	0.12101
3246.5         	0.14209
3250.42        	0.00326
3266.19        	0.0359
3283.2         	0.204
3582.88        	0.92619
3676.9         	8.24118
3715.96        	1.69571
3743.03        	3.36477
3748.89        	3.83224
3755.64        	1.55222
3755.72        	3.83632
3795.07        	0.78239