6        1.242139000     -0.313398000      0.000000000
6        1.252112000      1.045788000      0.000000000
6        0.023075000      1.781467000      0.000000000
6       -1.131729000      1.077739000      0.000000000
6        0.000000000     -1.063586000      0.000000000
1        2.149967000     -0.904373000      0.000000000
1        2.196890000      1.582207000      0.000000000
1        0.002591000      2.863713000      0.000000000
1       -2.124802000      1.514133000      0.000000000
8       -0.143106000     -2.261368000      0.000000000
8       -1.174173000     -0.266600000      0.000000000