151.7755       	0.7746         
365.3591       	6.723          
457.7151       	1.14           
500.5284       	8.9097         
546.3396       	2.4511         
613.5786       	2.9517         
729.9488       	0.2331         
760.7642       	38.5878        
784.7799       	58.6519        
854.0868       	8.4783         
943.7374       	0.1471         
952.3345       	10.3867        
1000.7486      	1.7773         
1011.6051      	0.0124         
1104.4206      	39.4822        
1128.7611      	14.9669        
1196.8507      	0.3891         
1291.3838      	46.2819        
1407.6214      	8.4747         
1474.172       	3.0633         
1596.2163      	83.4406        
1690.6615      	32.3628        
1855.2655      	510.4677       
3193.7175      	9.1602         
3218.7266      	3.4322         
3235.3892      	1.6273         
3244.412       	4.5283