6       -1.443208000      0.000001000     -0.000002000
6       -0.672295000     -1.270758000      0.000015000
6        0.672293000     -1.270759000     -0.000003000
6        1.443209000      0.000000000      0.000006000
6        0.672294000      1.270757000      0.000013000
6       -0.672293000      1.270757000     -0.000011000
1       -1.259768000     -2.184318000     -0.000008000
1        1.259766000     -2.184319000     -0.000016000
1        1.259769000      2.184316000      0.000029000
1       -1.259767000      2.184316000     -0.000018000
8        2.670348000      0.000001000     -0.000009000
8       -2.670348000      0.000002000     -0.000003000