94.2781        	15.3832        
231.3373       	0              
338.7479       	0              
411.9343       	25.2168        
454.2033       	0              
456.1014       	0              
513.5849       	4.287          
601.5638       	0              
755.6724       	0.4973         
756.736        	0              
775.1319       	0              
784.2718       	0              
901.6226       	82.8756        
948.2087       	19.3646        
1016.5587      	0              
1016.6905      	0              
1086.064       	44.576         
1168.6429      	0              
1237.9426      	0              
1321.5326      	79.1325        
1385.7652      	4.7543         
1398.6408      	0              
1648.5962      	16.9079        
1679.8483      	0              
1735.3023      	447.6792       
1737.3755      	0              
3197.6687      	1.597          
3197.9672      	0              
3213.758       	4.4585         
3216.0119      	0