 1      2  D
 1      9
 1      64
 2      3
 2      65
 3      4
 3      11  D
 4      5  D
 4      66
 5      6
 5      13
 6      7
 6      67
 6      80
 7      15  D
 7      68
 8      9  D
 8      18
 8      63
 9      10
 10     11
 10     20  D
 11     12
 12     13
 12     21
 12     82
 13     14
 13     79
 14     15
 14     23  D
 15     16
 16     25  D
 16     69
 17     18
 17     27  D
 17     62
 18     19
 18     74
 19     20
 19     29
 20     72
 21     22  D
 21     72
 22     23
 22     33
 23     24
 24     25
 24     35
 24     84
 25     26
 26     37  D
 26     70
 27     28
 27     61
 28     29
 28     38  D
 29     30
 29     73
 30     31
 30     40
 30     76
 31     32  D
 31     72
 32     33
 32     42
 33     34  D
 34     35
 34     78
 35     36  D
 36     37
 36     46
 37     71
 38     39
 38     60
 39     40  D
 39     47
 40     41
 41     42  D
 41     49
 42     43
 43     44  D
 43     51
 44     45
 44     78
 45     46  D
 45     53
 46     54
 47     48  D
 47     59
 48     49
 48     58
 49     50  D
 50     51
 50     57
 51     52
 51     86
 52     53  D
 52     56
 53     55
 74     75
 76     77
 80     81
 82     83
 84     85
 86     87