6       -4.083107578      0.400154969     -6.863696040
6       -3.253103801      0.364358799     -7.936649742
6       -1.805315170      0.282356989     -7.784631984
6       -0.966206510      0.086698288     -8.848816525
6        0.456339573     -0.286574551     -8.655783600
6        1.394837615     -0.298563631     -9.857901128
6        2.863707631     -0.348967432     -9.505602575
6       -4.401774129      0.445983459     -4.404113784
6       -3.578117871      0.404187720     -5.495035992
6       -2.114438587      0.408170850     -5.334081626
6       -1.281157351      0.358531468     -6.421874769
6        0.206518126      0.567710160     -6.257123364
6        1.046325254     -0.140776647     -7.299416637
6        2.516201298     -0.076169004     -7.091159171
6        3.389530667     -0.242201167     -8.252170727
6        4.829846798     -0.209664086     -8.009927210
6       -4.707507514     -0.080611485     -1.916101315
6       -3.886550953      0.600055730     -2.998333111
6       -2.420364450      0.290228221     -2.908137946
6       -1.582998427      0.383455689     -3.973639248
6        0.727029048      0.313248478     -4.865794056
6        2.120115774      0.217234817     -4.683998830
6        3.006631516      0.017326874     -5.829107837
6        4.447730697     -0.361202317     -5.556612149
6        5.361301488     -0.168007547     -6.755548573
6        6.784870372     -0.084897772     -6.475462172
6       -4.190617054     -0.473416752     -0.739980692
6       -2.729881108     -0.417422244     -0.452161993
6       -1.846188025     -0.053164695     -1.582747876
6       -0.531799119      0.632255097     -1.290570098
6        0.407025737      0.434093538     -2.458288160
6        1.791908604      0.433089494     -2.260590349
6        2.641537000      0.339347245     -3.387806413
6        4.080954070      0.567655087     -3.219836701
6        5.007320687      0.229049463     -4.286738844
6        6.367078235      0.267209396     -4.063647787
6        7.261185877      0.079174650     -5.209135716
6       -2.207173827     -0.212036752      0.917157340
6       -0.876674116      0.019150247      1.148659725
6        0.057243680      0.216345004      0.037256734
6        1.412568612      0.172582460      0.220601848
6        2.341927774      0.343149769     -0.901883107
6        3.691025193      0.275763525     -0.694798277
6        4.631614366      0.601621632     -1.771588720
6        6.083851623      0.400348086     -1.597357796
6        6.888442998      0.381882587     -2.708908577
6       -0.305224679      0.014143093      2.489736477
6        1.036899830      0.022915186      2.684687297
6        1.977536206      0.020957210      1.570759945
6        3.323583138     -0.102477140      1.744333306
6        4.257807591     -0.304989828      0.582780253
6        5.696237338      0.109390378      0.813787622
6        6.546298993      0.330715125     -0.216574440
1        7.967866806      0.334826218     -2.582783849
1        7.607304525      0.481544481     -0.030794681
1        6.059925280      0.101874900      1.838594593
1        3.742031019     -0.178331217      2.746219087
1        1.446348188     -0.012422604      3.690449546
1       -0.986230838     -0.037687235      3.334325505
1       -2.893506320     -0.337578299      1.750242206
1       -4.834846476     -0.889515896      0.030739549
1       -5.775787944     -0.152821503     -2.100251174
1       -5.480652252      0.467263485     -4.536482752
1       -5.159878219      0.426747730     -7.003908947
1       -3.657847502      0.352832011     -8.944492487
1       -1.349727551      0.098022381     -9.864184950
1        1.139649386     -1.156636288    -10.493865596
1        3.528680203     -0.431740175    -10.361865449
1        5.485007036     -0.199393765     -8.878545206
1        7.473712128     -0.143047589     -7.314085221
1        8.331842737      0.122498959     -5.031091241
6       -0.128039390      0.367460025     -3.761974833
8       -1.946296869     -1.454989423     -1.227505252
8       -4.011162173      2.054146494     -2.609119899
1       -3.768590672      2.555147772     -3.404660510
8       -0.815014712      2.071690093     -1.161128210
1       -1.713235182      2.228598243     -1.499549274
8        4.336550171      1.822240445     -2.515562563
8        0.608279667     -1.450670198     -7.753929490
8        1.126388787      0.851856490    -10.703267729
1        1.382543799      1.634953898    -10.192122644
8        0.480915936      1.983168401     -6.594800207
1        0.196667932      2.508178177     -5.832053521
8        4.331437126     -1.829959702     -5.321721480
1        5.195731374     -2.119233193     -4.988967805
8        4.281350369     -1.776330500      0.286235858
1        4.771196209     -2.191330055      1.013757787