12.25          	0.00068
12.71          	0.00093
17.84          	0.00085
25.1           	0.02088
28.07          	0.00045
31.05          	0.00549
32.76          	0.00041
38.64          	0.00112
42.16          	0.0024
43.54          	0.0008
51.56          	0.00114
59.77          	0.00227
63.72          	0.00406
67.15          	0.00042
68.13          	0.00191
68.66          	0.00113
69.71          	0.00068
70.42          	0.00073
77.66          	0.00473
81.91          	0.0009
82.12          	0.00225
87.32          	0.00542
88.29          	0.00063
97.71          	0.00509
98.18          	0.00264
100.51         	0.00019
100.76         	0.00025
102.81         	0.00113
103.49         	0.00116
105.08         	0.00379
106.04         	7E-5
110.03         	0.00298
112.79         	0.01084
120.72         	0.00275
123.7          	0.007
127.39         	0.01103
131.85         	0.00656
133.85         	0.00109
135.09         	0.00363
137.48         	0.00861
142.15         	0.00437
148.65         	0.0124
150.34         	0.01062
158.53         	0.01626
162.25         	0.04773
169.19         	0.00555
174.01         	0.00396
179.85         	0.01205
181.01         	0.07524
183.32         	0.01869
185.31         	0.0231
186.32         	0.31927
188.23         	0.05855
190.68         	0.38754
193.39         	0.07985
195.16         	0.4174
198.23         	0.58371
201.48         	0.24845
202.93         	0.04375
203.79         	0.03132
207.06         	0.04204
207.69         	0.05395
210.21         	0.01852
212.06         	0.53731
217.29         	0.41425
225.45         	0.13505
237.65         	0.74771
249.08         	1.10974
255.44         	0.30712
262.99         	1.41912
267.79         	1.24866
272.49         	0.04199
279.24         	0.38405
286.37         	0.34776
293.67         	0.22666
311.05         	0.02844
317.07         	0.07918
325.97         	0.08668
328.65         	0.00681
340.76         	0.18356
344.38         	0.06982
353.48         	0.11199
370.26         	0.03303
383.22         	0.70521
384.61         	0.09097
389.07         	2.36197
396.88         	1.24242
406.14         	1.29757
417.41         	0.40714
425.95         	0.08235
430.89         	0.07208
440.32         	0.03085
442.68         	0.51616
453.51         	0.19049
460.65         	0.0806
464.53         	0.1339
473.07         	0.1148
480.6          	0.11166
481.79         	0.03235
490.98         	0.02672
498.12         	0.10388
504.51         	0.15094
519.85         	0.13536
528.95         	0.11322
537.08         	0.66092
553.14         	0.05765
562.91         	0.16128
572.37         	0.07033
577.27         	0.03432
581.86         	0.10865
583.32         	0.02498
596.12         	1.15499
608.63         	0.06256
614.1          	0.01803
619.42         	0.17551
623.18         	0.21404
632            	0.09798
642.21         	0.20269
645.43         	0.4403
647.67         	0.30223
654.27         	0.14656
658.47         	0.03604
663.3          	0.0346
665.4          	0.05042
670.49         	0.13494
677.38         	0.01765
683.28         	0.22459
689.08         	0.06538
700.2          	0.15288
705.74         	0.2288
708.62         	0.10151
711            	0.05498
719.47         	0.08053
724.77         	0.01753
734.51         	0.27876
736.81         	0.21343
743.43         	0.74453
745.79         	0.11911
753.56         	0.24323
757.91         	0.29452
766.91         	0.35401
769.3          	0.3407
773.68         	0.87659
782.86         	0.01804
787.48         	0.13147
791.84         	0.14222
796.74         	0.51441
803.6          	0.37224
810.13         	0.12362
812.3          	0.27821
818.11         	0.40041
824.43         	0.28879
831.88         	0.04502
840.61         	0.26736
857.67         	0.32422
866.72         	0.35415
873.33         	0.12947
880.34         	0.17672
883.35         	0.12949
890.02         	0.92132
894.68         	0.28079
901.7          	2.43931
911.5          	0.21428
919.33         	0.46257
925.67         	0.2887
930.94         	2.26665
940.94         	0.38921
957            	0.09335
971.16         	0.67519
975.69         	0.16948
992.98         	0.91887
1013.82        	0.28581
1034.08        	0.63312
1039.05        	0.15659
1042.2         	0.24523
1046.33        	0.53839
1052.46        	0.05552
1059.16        	2.61822
1066.49        	0.70769
1072.21        	0.72711
1105.99        	0.1324
1107.18        	0.84594
1129.28        	0.1306
1134.05        	0.43205
1156.06        	0.19624
1159.8         	0.4597
1173.61        	0.10978
1182.59        	0.75504
1190.76        	0.95054
1201.84        	1.21959
1207.01        	0.09032
1222.41        	0.77765
1246.74        	0.10819
1252.37        	0.44637
1258.29        	0.30468
1264.88        	0.28175
1283.5         	0.95265
1285.85        	0.1585
1288.79        	0.27655
1310.06        	1.90035
1315.33        	0.08524
1321.01        	0.3623
1325.62        	0.24987
1333.59        	0.83093
1337.27        	1.05823
1344.51        	0.10812
1353.15        	2.38769
1363.02        	0.09632
1368.33        	0.14926
1372.01        	0.49712
1378.32        	0.25513
1380.78        	0.03838
1388.06        	0.02883
1389.05        	0.3901
1395.35        	0.24845
1400.08        	3.04089
1414.12        	0.73684
1421.16        	0.88308
1426.22        	0.14579
1428.94        	0.03673
1434.26        	0.02662
1440.32        	0.52311
1446.22        	0.3321
1449.6         	0.05899
1458.56        	0.16713
1488.26        	0.04883
1495.58        	0.01277
1503.38        	0.19739
1504.55        	0.05799
1563.16        	0.03269
1606.37        	0.13405
1614.72        	0.0803
1619.93        	0.27921
1620.93        	0.02924
1630.3         	0.29196
1635.82        	0.02356
1639.39        	0.03979
1650.73        	0.0699
1656.29        	0.07551
1660.38        	0.15536
1667.24        	0.04032
1687.69        	0.60464
1691.29        	0.05187
1697.87        	0.10171
1703.05        	0.14216
1708.48        	0.22342
1710.96        	0.14873
1712.61        	0.16
1753.63        	0.0887
3718.48        	1.41127
3757.45        	0.30074
3763.16        	0.41356
3769.99        	0.26852
3773.06        	0.42597
3792.01        	0.29104