8       -0.743446550     -1.760364796      4.244099693
6       -0.645900784     -1.210807912      2.001612885
6        1.904872142     -1.299403936      0.685297791
6       -2.974164144     -0.717228491      0.482418699
6        3.307644090      0.852126581     -0.026236956
6        2.936821269     -3.697428421      0.259060646
6       -2.922285497     -0.547931720     -2.163074853
6       -5.288513452     -0.476672042      1.758658373
6        2.291207723      3.413262765      0.521842163
6        5.683936726      0.560936814     -1.172652455
6        5.294670180     -3.972287176     -0.891517919
6       -5.152126259     -0.141591499     -3.514143897
6       -7.508933930     -0.059016143      0.409813537
8        3.760310943      5.309521536     -0.394113693
8        0.351925561      3.839091729      1.678970518
6        6.671987518     -1.838862124     -1.614186932
6       -7.445643227      0.108014848     -2.230424687
1        1.877815046     -5.355942655      0.839977533
1       -1.146670612     -0.745009353     -3.171296580
1       -5.297236427     -0.611978313      3.804230064
1        6.748135916      2.231129555     -1.693967384
1        6.057340912     -5.850824097     -1.210696418
1       -5.098548747     -0.021204615     -5.562244041
1       -9.290775462      0.140066490      1.408800173
1        2.947120276      6.881091368      0.096058551
1        8.510832634     -2.042361046     -2.500525112
1       -9.179780516      0.430352969     -3.280794863