17.3555        	0.9637
45.7692        	0.1927
59.3993        	2.1316
83.6909        	0.6143
118.1717       	1.1483
140.5198       	0.5259
167.3789       	2.0233
225.544        	2.7627
244.6677       	1.7255
271.9408       	1.0595
345.2509       	7.9284
396.3251       	7.8539
414.9264       	0.7184
424.7763       	6.9189
443.8461       	1.1749
457.3225       	4.2553
517.8859       	12.5372
585.3309       	27.6623
595.4185       	46.6042
629.3073       	0.3781
639.9416       	41.7966
649.4342       	29.5237
696.7803       	3.1109
711.2864       	34.3049
719.8396       	33.0461
728.0652       	83.0534
771.4241       	56.1618
797.0248       	9.685
813.8988       	1.3162
815.7957       	1.0719
864.8221       	0.4101
899.2242       	6.9455
945.4834       	58.9053
954.4075       	4.7005
981.1815       	1.343
996.3423       	0.3473
1008.5912      	0.0867
1011.9748      	0.2548
1014.9589      	1.1639
1048.9108      	2.4399
1066.7821      	6.2665
1082.5639      	88.1408
1106.1188      	7.6471
1152.7297      	108.1989
1173.3707      	21.0021
1185.2882      	0.1372
1191.3827      	18.8982
1201.5166      	119.8351
1203.9352      	65.4326
1279.7798      	174.0438
1306.57        	56.1565
1345.0043      	12.9347
1346.8342      	20.4386
1363.8073      	3.0843
1373.3022      	123.3955
1474.9226      	0.7697
1483.1832      	16.5826
1518.3003      	10.3409
1526.5903      	2.135
1615.7506      	19.8301
1627.5634      	10.3294
1643.5183      	9.9869
1646.5762      	22.7008
1737.7345      	197.3576
1791.5077      	355.4577
3181.4074      	0.1139
3188.1813      	1.2587
3191.5582      	8.0978
3200.6086      	19.0925
3200.7579      	11.0031
3208.7832      	11.9713
3209.5561      	13.2051
3219.6294      	6.3326
3230.0576      	2.9031
3767.3391      	100.9997