6        1.805176000     -1.553779000      0.000034000
6        0.418417000     -1.451413000      0.000027000
6        2.575612000     -0.386286000      0.000010000
6        1.957545000      0.860242000     -0.000019000
6        0.558218000      0.969414000     -0.000018000
8       -0.042602000      2.186186000     -0.000053000
6       -0.233747000     -0.203233000      0.000005000
6       -1.717332000     -0.138969000      0.000018000
8       -2.403763000      0.862601000      0.000124000
8       -2.288207000     -1.382465000     -0.000110000
1        2.280657000     -2.528940000      0.000057000
1       -0.191315000     -2.346649000      0.000041000
1        3.660225000     -0.444123000      0.000012000
1        2.557625000      1.767747000     -0.000042000
1        0.633605000      2.877459000     -0.000035000
1       -3.247553000     -1.231916000     -0.000066000