31.1524        	1.6304         
126.9944       	1.3111         
221.9519       	2.3329         
244.2994       	5.4828         
354.804        	1.2882         
398.9947       	101.6849       
402.2496       	2.169          
433.8722       	1.3667         
524.3501       	24.9001        
540.4387       	3.8001         
569.0942       	5.5747         
585.6796       	87.5595        
640.6723       	43.4052        
703.4473       	45.4896        
742.9014       	12.2621        
766.542        	79.0731        
801.2093       	0.8023         
856.3703       	24.4464        
863.8285       	3.2072         
970.5911       	0.8654         
994.8799       	0.0407         
1065.0531      	118.6373       
1073.2258      	53.055         
1144.978       	97.3937        
1186.0245      	97.4783        
1194.1294      	22.6542        
1203.3206      	160.1515       
1297.5759      	27.8206        
1338.4467      	86.9283        
1353.7829      	111.074        
1379.4302      	18.1896        
1483.6909      	53.7228        
1535.9543      	23.7059        
1632.5522      	37.6114        
1653.5108      	69.5875        
1799.1376      	422.9487       
3166.9666      	11.8667        
3194.2628      	8.3059         
3210.6201      	11.0155        
3236.3733      	2.0203         
3773.6226      	93.3758        
3812.2566      	58.1028