6       -3.277845000     -0.121392218     -0.605060026
6       -1.820883271     -2.415534686      0.330887241
6        2.151118556     -0.027176149     -0.020395813
6        0.659561613      2.431478304     -0.214049263
6       -2.129027660      2.266002558      0.547519759
1       -2.129724969     -2.679546414      2.365850010
1       -2.406773916     -4.147495011     -0.629554654
1       -3.193423382     -0.028251404     -2.674958159
1       -5.269126753     -0.340042964     -0.080929405
1        1.699853880      3.848984445      0.868612551
1        0.808243364      3.000571175     -2.205011652
1       -2.298851665      2.183005793      2.613387107
1       -3.138609990      3.964524182     -0.065650971
8        4.431484922     -0.068566818      0.029948377
8        0.872374995     -2.256684319     -0.083095031