98.2639        	1.469          
151.0004       	4.4541         
324.9188       	0.6976         
414.1374       	1.4738         
456.708        	2.3127         
500.8899       	3.5139         
558.2841       	6.5679         
658.9203       	5.3613         
753.4534       	5.1808         
835.5229       	5.4884         
881.3918       	3.0436         
939.7296       	18.0792        
941.1785       	2.792          
995.0764       	6.9079         
1068.9571      	28.3968        
1109.6101      	76.3946        
1118.7996      	3.6806         
1172.2127      	108.4645       
1207.8721      	6.8595         
1264.1065      	140.5913       
1285.624       	2.3254         
1307.0894      	23.8956        
1362.5791      	13.5915        
1379.8715      	19.286         
1395.2283      	0.9702         
1435.6643      	22.7799        
1474.1905      	3.0071         
1498.3458      	6.1859         
1513.4172      	5.576          
1532.2619      	1.9997         
1847.8762      	332.5122       
3034.0609      	34.342         
3038.273       	8.9023         
3043.4291      	11.4681        
3046.9302      	33.3321        
3090.5626      	26.542         
3095.708       	45.2074        
3112.7312      	32.1566        
3121.8757      	10.6655