6       -1.792418000     -0.465839000      0.000000000
6       -2.123826000      0.895613000      0.000001000
6       -0.455383000     -0.861078000     -0.000001000
8       -2.827734000     -1.361456000     -0.000002000
6        0.556790000      0.109745000     -0.000001000
6        0.234092000      1.473093000     -0.000002000
6        1.964131000     -0.371195000      0.000001000
6       -1.110524000      1.853002000      0.000000000
8        2.300479000     -1.541261000     -0.000004000
8        2.876396000      0.634770000      0.000002000
1       -3.170678000      1.181283000      0.000001000
1       -0.174773000     -1.910756000      0.000000000
1       -2.485155000     -2.265140000      0.000028000
1        1.021134000      2.217167000     -0.000002000
1       -1.373090000      2.906538000     -0.000001000
1        3.752266000      0.214429000      0.000016000