62.4483        	1.4479         
155.6598       	0.0047         
187.8611       	2.7936         
233.5446       	1.3318         
347.2237       	115.4182       
358.5726       	9.6247         
408.0745       	5.093          
434.3357       	11.1727        
507.5677       	0.9436         
525.8916       	9.0762         
555.2763       	0.939          
610.7271       	95.5667        
637.7636       	45.7232        
676.053        	0.171          
740.8563       	36.8265        
768.8585       	90.2765        
818.6012       	2.9595         
896.3071       	15.8026        
925.2561       	0.0862         
929.4996       	39.7109        
992.8669       	0.0782         
1012.5403      	5.6805         
1103.1971      	17.6683        
1117.5726      	113.9577       
1179.2876      	176.2608       
1186.9221      	179.6924       
1196.9928      	10.7233        
1283.9431      	78.3668        
1341.949       	0.4641         
1374.6597      	161.959        
1377.9221      	30.1519        
1488.2887      	165.6861       
1534.5055      	0.9439         
1645.0757      	33.7313        
1652.1819      	50.0804        
1787.1165      	371.9871       
3193.7351      	7.9182         
3195.1704      	5.6522         
3214.4545      	5.2013         
3236.1859      	1.242          
3768.4916      	98.3922        
3826.4525      	64.9149