182.92         	0.93401
194.4          	0.73415        
201.16         	2.24057        
220.24         	4.03597        
231.23         	0.06688        
269.76         	1.42466        
368.89         	1.77972        
383.37         	1.38193        
473.8          	3.61339        
606.37         	5.0059         
722.07         	10.03045       
913.53         	0.38587        
1625.04        	2.38431        
1628.89        	2.83359        
1653.26        	0.25663        
3539.18        	0.59575        
3599.44        	13.94788       
3613.98        	12.44323       
3889.11        	2.14972        
3892.96        	2.1227         
3895.79        	1.56791