 1      2  D
 1      9
 1      64
 2      3
 2      65
 3      4  D
 3      11
 4      5
 4      66
 5      6  D
 5      13
 6      7
 6      67
 7      15  D
 7      68
 8      9  D
 8      18
 8      63
 9      10
 10     11  D
 10     20
 11     12
 12     13  D
 12     21
 13     14
 14     15
 14     23  D
 15     16
 16     25  D
 16     69
 17     18  D
 17     27
 17     62
 18     19
 19     20
 19     29
 19     78
 20     32
 20     76
 21     22  D
 21     32
 22     23
 22     33
 23     24
 24     25
 24     35  D
 25     26
 26     37  D
 26     70
 27     28  D
 27     61
 28     29
 28     38
 29     30  D
 30     40
 30     74
 31     33  D
 33     34
 34     35
 34     44  D
 35     36
 36     37
 36     46  D
 37     71
 38     39  D
 38     60
 39     40
 39     47
 40     41  D
 41     42
 41     49
 42     43  D
 42     72
 43     44
 43     51
 44     45
 45     46
 45     53  D
 46     54
 47     48  D
 47     59
 48     49
 48     58
 49     50  D
 50     51
 50     57
 51     52  D
 52     53
 52     56
 53     55
 72     73
 74     75
 76     77
 78     79
 31     75  H
 74     79  H