6       -3.936898944      0.117586794     -6.833840968
6       -3.112308613      0.161469549     -7.939662879
6       -1.696235149      0.136363762     -7.795267924
6       -0.801252837      0.236135086     -8.891912072
6        0.581646731      0.240930498     -8.720704238
6        1.507831645      0.387466043     -9.820297023
6        2.857212963      0.397636555     -9.620087856
6       -4.243790551      0.160308400     -4.340386687
6       -3.402315332      0.068498779     -5.513474656
6       -2.013940168      0.030423438     -5.349339873
6       -1.159684149      0.039838549     -6.468181136
6        0.256217747     -0.035923392     -6.287882106
6        1.128462292      0.085819214     -7.393488605
6        2.536265818      0.061803070     -7.191222365
6        3.430664690      0.245918942     -8.301253430
6        4.804433062      0.280983457     -8.063597994
6       -4.593073418      0.399020207     -1.943735310
6       -3.765002920      0.039111018     -3.071122537
6       -2.331704983     -0.488117240     -2.836443003
6       -1.404531570      0.150508198     -3.963272147
6        0.775714081     -0.321334359     -4.993771633
6        2.158079958     -0.422548051     -4.792654632
6        3.048983318     -0.143927303     -5.883471575
6        4.458654922     -0.066175852     -5.657654350
6        5.334770578      0.157162795     -6.757282204
6        6.748859069      0.286265031     -6.503980995
6       -4.085821590      0.618837216     -0.705394319
6       -2.680484330      0.408530013     -0.406562846
6       -1.843047589     -0.177945036     -1.406680161
6       -0.567358014     -0.583235117     -1.017453606
8        2.288276013     -1.764630987     -2.820778924
8       -0.094466258     -0.513871563     -3.944855134
6        2.780768717     -0.869211176     -3.531223365
6        4.117281910     -0.306467530     -3.210378510
6        4.982513367     -0.106508077     -4.314536517
6        6.384961971      0.087349798     -4.094551743
6        7.249240388      0.256826847     -5.233662970
6       -2.180381671      0.644273672      0.883190036
6       -0.809396418      0.474764332      1.175135335
6        0.039553144     -0.008636543      0.144726719
6        1.469051252      0.046529530      0.317846981
6        2.315694350      0.213633029     -0.796114445
6        3.705776542     -0.007097434     -0.707483934
6        4.576134352     -0.110626670     -1.876537651
6        5.995407577      0.006485025     -1.671870865
6        6.860431246      0.082480983     -2.776913324
6       -0.210539322      0.673240943      2.479814964
6        1.117251182      0.428208942      2.710499011
6        2.032256057      0.137840845      1.627088988
6        3.430010423      0.087537557      1.753126539
6        4.262003593     -0.037731397      0.622442014
6        5.697690001     -0.050604641      0.760068307
6        6.516875708      0.014645390     -0.326148981
1        7.930091493      0.163096641     -2.598974599
1        7.594989861      0.058839632     -0.200669195
1        6.113999528     -0.067317083      1.763093638
1        3.885716344      0.188266560      2.734078298
1        1.522703728      0.523490730      3.713797113
1       -0.857115659      0.979537866      3.297408537
1       -2.859035234      0.976569660      1.663864827
1       -4.730156267      0.955345427      0.101523619
1       -5.645886037      0.581855068     -2.142490194
1       -5.287955873      0.426252357     -4.488621817
1       -5.015404832      0.142846421     -6.957637075
1       -3.537234554      0.224724558     -8.937200783
1       -1.212799422      0.327384817     -9.894097274
1        1.100332517      0.498413832    -10.820959611
1        3.534430712      0.521387025    -10.460372984
1        5.487074567      0.433217665     -8.895393732
1        7.410908128      0.431350691     -7.352783402
1        8.315059052      0.373374641     -5.058816405
8        1.805843981      0.700691403     -1.973885022
1        0.876325068      0.962925075     -1.866161315
8       -0.028588811     -1.670522686     -1.651249922
1        0.866017926     -1.590500807     -2.072005734
8       -1.216526205      1.515022926     -3.597450681
1       -0.959546408      2.007134459     -4.391657759
8       -2.400269011     -1.906268740     -3.066447767
1       -1.536518821     -2.241815928     -2.759319558