12.61          	2E-5
13.06          	0.00059
21.26          	0.00037
30.39          	0.00836
31.39          	0.01511
37.42          	0.00021
37.94          	9E-5
45.71          	5E-5
46.07          	0.0006
53.16          	0.00021
65.42          	0.00011
67.54          	0.00822
68.04          	0.00132
68.88          	0.00014
71.35          	0.00116
72.44          	0.00071
73.2           	0.00182
74.11          	0.00197
78.55          	0.00952
82.64          	0.00217
87.37          	0.00396
87.76          	0.00048
89.73          	0.00339
91.57          	0.00323
97.08          	0.0026
100.59         	0.0003
102.44         	0.0004
103.95         	0.00033
104.84         	0.001
106.16         	0.00051
106.7          	0.00054
109.31         	0.00398
118.41         	0.00281
122.23         	0.00203
131.21         	0.00147
132.05         	0.01246
132.35         	0.00375
133.32         	0.01203
134.77         	0.01218
141.76         	0.01095
150.13         	0.01704
155.28         	0.01082
159.17         	0.10933
168.65         	0.01245
181.91         	0.00539
182.4          	0.00246
183.82         	0.03618
188.6          	0.00424
191.36         	0.0036
193.81         	0.01509
198.74         	0.00223
201.51         	0.00154
201.65         	0.00046
206.57         	0.00369
206.98         	0.00436
208.56         	0.00035
211.14         	0.00433
225.06         	0.10624
230.61         	0.09604
233.26         	0.04102
252.67         	0.03613
260.77         	0.03601
263.84         	0.0205
278.21         	0.03263
286.84         	0.02288
297.52         	0.02463
307.28         	0.06459
316.3          	0.06663
326.31         	0.10499
330.25         	0.2823
343.83         	0.05423
346.69         	0.32375
350.87         	0.23149
357.51         	0.02891
363.11         	0.40062
374.63         	0.04949
386.02         	0.02083
390.98         	0.08815
397.38         	0.04142
408.16         	0.14797
413.75         	0.08716
420.79         	0.01759
427.22         	0.28401
440.28         	0.07595
441.97         	0.03498
445.97         	0.08539
452.42         	0.10417
457.88         	0.15903
472.09         	0.16309
478.31         	0.03607
487.72         	0.05663
495.24         	0.14669
517.29         	1.02828
528.94         	0.26294
534.65         	0.05139
542.65         	0.16157
545.93         	0.1852
564.34         	0.0466
569.03         	0.06085
577.85         	0.09178
581.62         	0.10394
587.86         	0.01886
600.81         	0.15035
605.11         	0.41262
612.51         	0.025
626.83         	0.14332
638.4          	0.71541
644.74         	0.43098
647.18         	0.39045
652.44         	0.05054
658.74         	0.62679
659.9          	0.12418
665.45         	0.0028
676.08         	0.11122
681.64         	0.09043
683.61         	0.13759
688.71         	0.23341
696.44         	0.03695
704.71         	0.12506
708.78         	0.02781
714.65         	0.08886
718.54         	0.06854
720.01         	0.14269
726.64         	0.03041
734.82         	0.05495
738.38         	0.1348
747.3          	0.06365
753.76         	0.27329
756.48         	0.0254
762.52         	0.09724
771.37         	0.05644
782.93         	0.54532
788.54         	0.03891
795.78         	0.07494
800.38         	0.14612
803.99         	0.02962
809.4          	0.01083
818.84         	0.01397
823.09         	0.08351
831.61         	0.02505
836.08         	0.06089
842.69         	0.01125
844.39         	0.05714
850.4          	0.11915
869.42         	0.11402
887.5          	0.18782
897.58         	0.49103
904.14         	0.162
911.39         	0.22119
939.4          	0.04619
956.2          	0.79698
982.32         	2.6697
996.18         	0.66234
1018.57        	0.37576
1031.32        	0.52529
1048.1         	0.78124
1066.62        	0.56908
1069.9         	0.19717
1071.82        	0.68336
1081.31        	0.07371
1096.08        	0.21941
1104.16        	1.68474
1124.68        	0.13306
1146.15        	0.19667
1155.61        	0.31548
1168.21        	0.45136
1177.08        	0.36715
1193.69        	0.478
1202.25        	0.84344
1218.09        	1.07366
1238.88        	1.3674
1244.47        	0.52759
1256.69        	0.73916
1260.11        	0.44248
1274.11        	1.55144
1287.23        	1.31352
1296.49        	0.37594
1316.13        	0.36463
1328.81        	0.10374
1339.7         	0.07504
1356.15        	0.23807
1363.17        	0.79668
1369.35        	1.12582
1375.1         	0.4511
1377.15        	0.71451
1379.23        	0.03556
1386.03        	0.15982
1393.95        	0.26255
1405.9         	0.56052
1411.14        	1.02104
1412.05        	0.03197
1413.68        	0.32622
1422.95        	1.21992
1428.73        	1.12083
1438.12        	0.27056
1444.41        	0.20041
1454.15        	0.2033
1464.95        	0.96213
1469.12        	0.74163
1475.85        	0.21484
1477.8         	0.87182
1490.52        	0.17565
1497.97        	0.36107
1512.15        	0.33369
1514.91        	0.10281
1520.22        	0.06642
1523.34        	0.04958
1530.39        	0.01665
1537           	0.05647
1544.25        	0.26635
1562.94        	0.0622
1589.66        	0.46713
1598.98        	0.97604
1603.72        	0.68785
1609.44        	1.19888
1617.5         	0.55921
1627.24        	0.96777
1637.92        	2.43919
1640           	0.591
1642.43        	0.03872
1660.75        	0.22865
1663.25        	4.76083
1673.55        	0.58513
1684.06        	0.02783
1692.29        	0.52023
1698.81        	0.16492
1705.15        	0.14911
3274           	11.15852
3662.97        	1.17732
3725.26        	1.55422
3782.59        	0.33232
