 1      2  D
 1      9
 1      63
 2      3
 2      64
 3      4  D
 3      11
 4      5
 4      65
 5      6  D
 5      13
 6      7
 6      66
 7      15  D
 7      67
 8      9  D
 8      18
 8      62
 9      10
 10     11  D
 10     20
 11     12
 12     13  D
 12     21
 13     14
 14     15
 14     23  D
 15     16
 16     25  D
 16     68
 17     18  D
 17     27
 17     61
 18     19
 19     20  D
 19     29
 20     73
 21     22  D
 21     72
 22     23
 22     32
 23     24
 24     25
 24     34  D
 25     26
 26     36  D
 26     69
 27     28  D
 27     60
 28     29
 28     37
 29     30  D
 30     31
 30     39
 31     71  D
 31     72
 32     33
 32     76  D
 33     34
 33     43  D
 34     35
 35     36
 35     45  D
 36     70
 37     38  D
 37     59
 38     39
 38     46
 39     40  D
 40     41
 40     48
 41     42  D
 41     74
 42     43
 42     50
 43     44
 44     45
 44     52  D
 45     53
 46     47  D
 46     58
 47     48
 47     57
 48     49  D
 49     50
 49     56
 50     51  D
 51     52
 51     55
 52     54
 73     77
 74     75
 71     75  H