6       -3.968701662      0.789481417     -6.782698655
6       -3.113831670      0.622878476     -7.834626865
6       -1.746267176      0.195151130     -7.646324179
6       -0.847144230      0.173259985     -8.730839562
6        0.516115755     -0.060054235     -8.559254753
6        1.421339785     -0.121703142     -9.682297107
6        2.769874705     -0.218758922     -9.511704856
6       -4.429328762      0.483767966     -4.330708126
6       -3.594727445      0.372549664     -5.456636583
6       -2.317164439     -0.270674080     -5.312912536
6       -1.292760762     -0.149569131     -6.333601499
6        0.147012519     -0.177675563     -6.091306248
6        1.044433486     -0.153316739     -7.223710293
6        2.467202509     -0.168694631     -7.055551387
6        3.352656393     -0.217702787     -8.193014507
6        4.735048396     -0.225454132     -7.984895412
6       -4.728471388      0.357105397     -1.854517263
6       -3.959718184      0.124558030     -3.051480759
6       -2.695597738     -0.549934643     -2.912763338
6       -2.127658229     -1.002881882     -4.122326558
6        0.786071900     -0.042037408     -4.806303139
6        2.156945134      0.069743819     -4.646321210
6        3.032332776     -0.075143189     -5.759270084
6        4.445281713     -0.072560051     -5.562651369
6        5.304980990     -0.156865794     -6.690920340
6        6.732019053     -0.150059336     -6.473861419
6       -4.202203387      0.093516242     -0.626535508
6       -2.819169634     -0.292422644     -0.466905574
6       -2.013567537     -0.594857414     -1.610809370
6       -0.591025406     -0.715355481     -1.437489216
6        0.185095033     -0.932404917     -2.697713457
6        2.751182576      0.425877504     -3.329914575
6        4.161913046      0.032580385     -3.100517675
6        5.003152704     -0.018998590     -4.229946073
6        6.426964839      0.019021075     -4.046885653
6        7.264441116     -0.055525745     -5.217007833
6       -2.205532399     -0.217880655      0.783155511
6       -0.820632895     -0.311724146      0.960196334
6        0.062270957     -0.579154649     -0.155699065
6        1.527618543     -0.471278579      0.137859825
6        2.627658010     -0.863844199     -0.675471108
6        3.863269061     -0.154373224     -0.614974941
6        4.698409424     -0.012979520     -1.788421532
6        6.096898111      0.237133705     -1.614134294
6        6.934323616      0.211694980     -2.747505364
6       -0.301880206      0.026732559      2.263593079
6        1.011207965      0.299830866      2.453309311
6        1.966612654      0.141379797      1.388734510
6        3.310320938      0.480742299      1.636589522
6        4.277075592      0.403048820      0.618490209
6        5.674966098      0.755141238      0.751196368
6        6.553495147      0.592534470     -0.286472613
1        8.003010238      0.366546114     -2.617164075
1        7.611088599      0.797398276     -0.144489227
1        6.028041907      1.110649278      1.715094633
1        3.585648132      0.831524068      2.626647639
1        1.374754834      0.646403755      3.416075798
1       -1.016542843      0.149106971      3.071996994
1       -2.815666906      0.030468882      1.647992248
1       -4.785856929      0.266068029      0.273118317
1       -5.734553338      0.753071381     -1.955562651
1       -5.426378135      0.899794879     -4.437940517
1       -4.957740048      1.211261347     -6.934853122
1       -3.423441410      0.889906803     -8.840933395
1       -1.230449577      0.365856055     -9.729720107
1        0.993992582     -0.080596172    -10.680061585
1        3.433407199     -0.266740050    -10.370143145
1        5.396419728     -0.270907485     -8.846400617
1        7.383701859     -0.211669550     -7.340663652
1        8.342204076     -0.032839444     -5.081421006
8        0.845287555     -1.923932807     -2.959575183
8        0.011561508      0.068752114     -3.632855355
8       -1.423576671     -2.165790263     -4.108693635
8        2.714273672     -1.958557549     -1.456756251
1        1.840375304     -2.276623907     -1.768319934
8        2.131376199      1.120971394     -2.517703452
1       -0.981584501     -2.298778179     -4.962182736