11.78          	6E-5
15.11          	0.00013
21.76          	0.00015
29.17          	0.00722
32.26          	0.01775
37.43          	0.00016
37.89          	9E-5
45.74          	0.00016
46.01          	0.00038
53.43          	0.00027
65.41          	0.00021
67.37          	0.00105
68.42          	0.00044
68.82          	0.00043
69.5           	0.00404
72.15          	0.00012
72.5           	0.00026
73.68          	0.00019
77.67          	0.00212
83.76          	0.00922
85.93          	0.0078
87.77          	0.00053
89.42          	0.00062
91.02          	0.0032
95.45          	0.00048
100.54         	0.00029
101.87         	0.00045
103.99         	0.00034
104.96         	0.00024
105.57         	0.00032
107.31         	0.00015
116.79         	0.01354
121.15         	0.00272
126.89         	0.00848
128.81         	0.00935
131.93         	0.00578
132.77         	0.01165
134            	0.00406
138.36         	0.00491
149.46         	0.01418
154.7          	0.00417
157.51         	0.00244
164.14         	0.00962
168.94         	0.0217
175.86         	0.03242
180.27         	0.00081
184.96         	0.03258
187.23         	0.00061
190.35         	0.00755
192.96         	0.00582
197.19         	0.00951
200.64         	0.0009
201.05         	0.00109
203.1          	0.00212
208.09         	0.00106
208.66         	0.0044
210.46         	0.0027
235.18         	0.01971
243.64         	0.04922
250.87         	0.02569
261.73         	0.00451
271.84         	0.0134
276.9          	0.07073
280.82         	0.05273
294.77         	0.03504
302.44         	0.06219
327.49         	0.08519
331.08         	0.05369
341.58         	0.02356
349.5          	0.02069
355.32         	0.0122
358.22         	0.00358
365.18         	0.01168
370.54         	0.1052
380.88         	0.08696
394.83         	0.06936
397.11         	0.09006
407.59         	0.05906
415.34         	0.004
421.85         	0.08243
432.27         	0.17976
436.01         	0.06501
440.76         	0.38177
445.74         	0.07958
462.43         	0.12698
468.87         	0.17587
476.87         	0.00939
483.34         	0.36159
490.48         	0.62014
505.51         	0.06469
509.89         	0.3758
525.97         	0.14153
531.15         	0.23943
548.07         	0.02866
564.68         	0.10077
568.07         	0.10175
577.78         	0.08639
584.32         	0.04245
599.72         	0.02855
607.63         	0.01126
609.37         	0.02756
612.2          	0.07127
617.41         	0.06862
627.59         	0.00606
633.51         	0.03147
643.43         	0.49481
652.58         	0.11513
661.79         	0.87
663.66         	0.05012
673.89         	1.54546
678.79         	0.0248
684.36         	0.17423
684.85         	1.42381
696.79         	0.14439
703.9          	0.15729
705.89         	0.28062
709.99         	0.0303
712.41         	0.77137
714.52         	0.06944
722.14         	0.11719
723.86         	0.06982
739.43         	0.05235
745.09         	0.2242
750.16         	0.45547
751.65         	0.08295
760.58         	0.03278
762.76         	0.14887
770.03         	0.19478
779.16         	0.15098
788.45         	0.19732
796.04         	0.01285
800.52         	0.10751
809.17         	0.22023
810.63         	0.0971
821.36         	0.01695
826.28         	0.00517
831.89         	0.02478
832.43         	0.00577
840.46         	0.04845
846.33         	0.03015
853.9          	0.0283
863.53         	0.18569
877.68         	0.00689
894.5          	0.27348
900.66         	0.21311
903.22         	0.13643
919.17         	0.17873
939.36         	0.00238
965.6          	0.11357
975.6          	0.27565
992.96         	0.55663
1054.98        	0.02196
1059.92        	0.27473
1061.62        	0.29049
1085.21        	0.01522
1085.39        	0.20883
1104.67        	0.47383
1119.59        	0.32827
1139.18        	1.05528
1148.02        	0.28179
1161.09        	1.47701
1166.9         	2.02658
1193.67        	0.22117
1197.95        	0.85624
1206.62        	0.40063
1217.33        	0.80618
1227.82        	1.04284
1244.9         	0.59872
1270.83        	0.63685
1275.21        	0.49139
1280.24        	1.02834
1286.7         	0.24942
1293.98        	0.65878
1314.97        	0.7561
1318.75        	0.64357
1331.46        	0.36689
1334.6         	0.12361
1355.76        	1.55158
1360.8         	0.91303
1367.12        	0.37397
1370.73        	0.31324
1378.47        	0.23612
1385.23        	1.63163
1391.95        	1.04874
1396.51        	0.30913
1403.52        	0.33969
1404.84        	0.29028
1407.33        	0.31364
1416.78        	0.36993
1422.97        	0.99169
1426.86        	0.26954
1441.82        	0.32205
1450.17        	0.06523
1467.46        	0.55153
1473.69        	1.04891
1487.53        	0.44363
1498.07        	0.111
1499.75        	0.18577
1504.72        	0.21918
1510.75        	0.52598
1516.25        	0.07872
1519.46        	0.12057
1523.53        	0.26981
1531.57        	0.35007
1538.69        	0.47578
1562.86        	0.42574
1575.62        	0.66571
1581.25        	0.1679
1589.86        	0.34143
1598.04        	1.45443
1603.94        	1.56489
1614.42        	1.32664
1621.31        	0.23462
1632.61        	0.58609
1635.22        	0.80156
1655.66        	0.0754
1669.52        	0.35097
1675.85        	0.65331
1689.78        	0.64992
1692.4         	1.73547
1697.72        	0.23874
1720.25        	0.19247
1750.91        	3.68548
3482.75        	5.58181
3767.27        	0.88252
