6       -1.983695000      0.097253000      0.466696000
6       -2.641450000      1.151491000     -0.190839000
6       -3.949309000      1.003527000     -0.653799000
6       -4.627234000     -0.206117000     -0.475426000
6       -3.987429000     -1.272499000      0.164033000
6       -2.682730000     -1.115939000      0.622095000
6        4.481282000     -0.274108000     -0.371921000
6        3.451390000     -1.213192000     -0.472496000
6        2.122489000     -0.823997000     -0.262696000
6        1.809447000      0.513417000      0.053364000
6        2.870816000      1.436482000      0.110444000
6        4.193362000      1.065467000     -0.079808000
6        0.422886000      1.037644000      0.254716000
6       -0.598146000      0.208603000      0.993292000
6       -0.220170000     -0.344104000      2.160156000
8        0.146252000      2.176489000     -0.113091000
8        1.103089000     -1.720572000     -0.406855000
8        5.791532000     -0.607368000     -0.557887000
8       -5.911497000     -0.408588000     -0.911852000
1       -2.128093000      2.095160000     -0.326739000
1       -4.442155000      1.836713000     -1.150961000
1       -4.514518000     -2.213976000      0.280009000
1       -2.183256000     -1.960347000      1.087027000
1        3.676754000     -2.247292000     -0.729021000
1        2.621712000      2.471748000      0.319048000
1        5.003440000      1.782638000     -0.011980000
1       -0.935975000     -0.832491000      2.814445000
1        0.808898000     -0.296548000      2.502426000
1        1.451685000     -2.578699000     -0.681868000
1        5.878561000     -1.550777000     -0.748333000
1       -6.241133000      0.390599000     -1.343431000