16.7216        	1.6674         
34.5971        	0.7938         
45.1485        	1.9303         
85.1595        	1.7125         
95.1959        	0.8028         
146.6623       	1.5467         
158.4924       	1.7599         
202.0672       	0.8903         
222.7045       	0.3548         
232.1861       	1.2396         
283.2691       	1.348          
294.7954       	8.1855         
324.8471       	36.3447        
340.6065       	14.9047        
343.1425       	159.6379       
351.0522       	87.8722        
362.4983       	1.4114         
398.4906       	6.9634         
416.0897       	3.5198         
425.7952       	0.22           
432.1235       	6.571          
468.6412       	11.7797        
499.7279       	52.8225        
531.9056       	20.769         
552.5486       	31.8093        
583.5965       	9.368          
626.3386       	7.1124         
640.2186       	3.0835         
652.7847       	2.3377         
682.3653       	3.3583         
692.6456       	2.3671         
728.6475       	5.4605         
749.8244       	8.2543         
755.8637       	2.7714         
778.1564       	3.0545         
794.1775       	3.2822         
812.4182       	46.7745        
823.6717       	8.0445         
839.2364       	29.4378        
851.8809       	43.0362        
855.0855       	40.5988        
939.0092       	33.2251        
965.422        	0.3605         
974.4529       	1.0595         
980.7707       	2.2665         
995.9068       	80.0418        
998.1285       	11.8752        
1028.5114      	2.1535         
1110.9069      	42.219         
1124.41        	101.1171       
1138.4957      	18.6598        
1178.654       	151.2469       
1186.0463      	218.2705       
1194.7247      	158.4154       
1200.6777      	23.8796        
1222.2512      	145.4667       
1232.8265      	74.8238        
1287.9757      	123.1254       
1304.5585      	106.7547       
1322.8724      	43.179         
1342.9552      	62.2822        
1352.3874      	48.2244        
1367.4234      	14.4789        
1384.6075      	34.3246        
1442.0319      	14.9188        
1463.9401      	16.5127        
1480.4254      	56.2651        
1545.9928      	129.6832       
1548.6191      	33.3448        
1626.1344      	35.5232        
1636.5684      	120.9722       
1654.2088      	449.8708       
1657.4307      	39.2152        
1665.2877      	12.5918        
1713.0988      	155.0102       
3153.2284      	15.1904        
3159.0673      	3.3442         
3165.1441      	24.4937        
3193.7867      	6.2216         
3210.6585      	0.1161         
3211.6069      	7.0352         
3225.3021      	3.9876         
3237.5659      	4.0514         
3245.2226      	12.3113        
3825.4451      	38.935         
3826.5522      	109.9668       
3826.9953      	63.1646